1578435489448741500,1578438273,1000.00000000,499.87744141,1500.00000000,0.00000000,0.00000000,0.00000000
1578435489491007700,1578438273,1000.00000000,499.87744141,1500.00000000,0.00000000,0.00000000,0.00000000
1578435489491119000,1140443975,1500.00000000,0.00000000,0.00000000,0.00000000,2685165999581298688.00000000,1000.00000000
1578435489491561400,0,0.00000000,0.00000000,2685165999581298688.00000000,1000.00000000,499.33279419,1500.00000000
1578435489493090900,0,0.00000000,2685165999581298688.00000000,1000.00000000,499.23406982,1500.00000000,0.00000000
1578435489497556900,1578438273,1000.00000000,497.33117676,1500.00000000,0.00000000,0.00000000,0.00000000
1578435489502251100,1578438273,1000.00000000,496.93630981,1500.00000000,0.00000000,0.00000000,0.00000000
1578435489506393200,1578438273,1000.00000000,496.29293823,1500.00000000,0.00000000,0.00000000,0.00000000
1578435489510950800,1578438273,1000.00000000,495.82998657,1500.00000000,0.00000000,0.00000000,0.00000000
1578435489515515500,1578438273,1000.00000000,495.33978271,1500.00000000,0.00000000,0.00000000,0.00000000
1578435489519921200,1578438273,1000.00000000,494.82238770,1500.00000000,0.00000000,0.00000000,0.00000000
1578435489524010200,1578438273,1000.00000000,494.27770996,1500.00000000,0.00000000,0.00000000,0.00000000
1578435489528432400,1578438273,1000.00000000,493.70584106,1500.00000000,0.00000000,0.00000000,0.00000000
1578435489532911900,1578438273,1000.00000000,492.79693604,1500.00000000,0.00000000,0.00000000,0.00000000
1578435489537261400,1578438273,1000.00000000,492.15698242,1500.00000000,0.00000000,0.00000000,0.00000000
1578435489541952400,1578438273,1000.00000000,491.48977661,1500.00000000,0.00000000,0.00000000,0.00000000
1578435489546293800,1578438273,1000.00000000,490.79531860,1500.00000000,0.00000000,0.00000000,0.00000000
1578435489550803600,1578438273,1000.00000000,489.70260620,1500.00000000,0.00000000,0.00000000,0.00000000
1578435489555824400,1578438273,1000.00000000,488.94009399,1500.00000000,0.00000000,0.00000000,0.00000000
1578435489560149900,1578438273,1000.00000000,488.15036011,1500.00000000,0.00000000,0.00000000,0.00000000
1578435489564572300,1578438273,1000.00000000,486.91467285,1500.00000000,0.00000000,0.00000000,0.00000000
1578435489569087500,1578438273,1000.00000000,486.05682373,1500.00000000,0.00000000,0.00000000,0.00000000
1578435489573323700,1578438273,1000.00000000,485.17178345,1500.00000000,0.00000000,0.00000000,0.00000000
1578435489577735600,1578438273,1000.00000000,484.25946045,1500.00000000,0.00000000,0.00000000,0.00000000
1578435489582357700,1578438273,1000.00000000,483.31994629,1500.00000000,0.00000000,0.00000000,0.00000000
1578435489586509400,1578438273,1000.00000000,481.85958862,1500.00000000,0.00000000,0.00000000,0.00000000
1578435489591312300,1578438273,1000.00000000,480.85198975,1500.00000000,0.00000000,0.00000000,0.00000000
1578435489595199100,1578438273,1000.00000000,479.81713867,1500.00000000,0.00000000,0.00000000,0.00000000
1578435489600081200,1578438273,1000.00000000,478.75506592,1500.00000000,0.00000000,0.00000000,0.00000000
1578435489604699600,1578438273,1000.00000000,477.66574097,1500.00000000,0.00000000,0.00000000,0.00000000
1578435489608983300,1578438273,1000.00000000,475.98071289,1500.00000000,0.00000000,0.00000000,0.00000000
1578435489613294800,1578438273,1000.00000000,474.82333374,1500.00000000,0.00000000,0.00000000,0.00000000
1578435489618174300,1578438273,1000.00000000,473.63870239,1500.00000000,0.00000000,0.00000000,0.00000000
1578435489622566400,1578438273,1000.00000000,472.42684937,1500.00000000,0.00000000,0.00000000,0.00000000
1578435489627134400,1578438273,1000.00000000,470.55801392,1500.00000000,0.00000000,0.00000000,0.00000000
1578435489631749800,1578438273,1000.00000000,469.27804565,1500.00000000,0.00000000,0.00000000,0.00000000
1578435489636108900,1578438273,1000.00000000,467.97088623,1500.00000000,0.00000000,0.00000000,0.00000000
1578435489640554900,1578438273,1000.00000000,466.63647461,1500.00000000,0.00000000,0.00000000,0.00000000
1578435489644826300,1578438273,1000.00000000,464.58380127,1500.00000000,0.00000000,0.00000000,0.00000000
1578435489649165200,1578438273,1000.00000000,463.18133545,1500.00000000,0.00000000,0.00000000,0.00000000
1578435489653353800,1578438273,1000.00000000,461.75161743,1500.00000000,0.00000000,0.00000000,0.00000000
1578435489657781400,1578438273,1000.00000000,460.29464722,1500.00000000,0.00000000,0.00000000,0.00000000
1578435489662464800,1578438273,1000.00000000,458.81048584,1500.00000000,0.00000000,0.00000000,0.00000000
1578435489666791600,1578438273,1000.00000000,456.53314209,1500.00000000,0.00000000,0.00000000,0.00000000
1578435489671314500,1578438273,1000.00000000,454.98086548,1500.00000000,0.00000000,0.00000000,0.00000000
1578435489675799700,1578438273,1000.00000000,453.40136719,1500.00000000,0.00000000,0.00000000,0.00000000
1578435489680255200,1578438273,1000.00000000,451.79464722,1500.00000000,0.00000000,0.00000000,0.00000000
1578435489684488000,1578438273,1000.00000000,449.33346558,1500.00000000,0.00000000,0.00000000,0.00000000
1578435489689130800,1578438273,1000.00000000,447.65866089,1500.00000000,0.00000000,0.00000000,0.00000000
1578435489693273200,1578438273,1000.00000000,445.95660400,1500.00000000,0.00000000,0.00000000,0.00000000
1578435489697716500,1578438273,1000.00000000,444.22732544,1500.00000000,0.00000000,0.00000000,0.00000000
1578435489702363600,1578438273,1000.00000000,442.47082520,1500.00000000,0.00000000,0.00000000,0.00000000
1578435489706611700,1578438273,1000.00000000,439.78500366,1500.00000000,0.00000000,0.00000000,0.00000000
1578435489711739200,1578438273,1000.00000000,437.96038818,1500.00000000,0.00000000,0.00000000,0.00000000
1578435489716131100,1578438273,1000.00000000,436.10858154,1500.00000000,0.00000000,0.00000000,0.00000000
1578435489720843700,1578438273,1000.00000000,434.22952271,1500.00000000,0.00000000,0.00000000,0.00000000
1578435489725000200,1578438273,1000.00000000,431.35986328,1500.00000000,0.00000000,0.00000000,0.00000000
1578435489729773600,1578438273,1000.00000000,429.41271973,1500.00000000,0.00000000,0.00000000,0.00000000
1578435489734060400,1578438273,1000.00000000,427.43835449,1500.00000000,0.00000000,0.00000000,0.00000000
1578435489738374200,1578438273,1000.00000000,425.43673706,1500.00000000,0.00000000,0.00000000,0.00000000
1578435489742719200,1578438273,1000.00000000,422.38327026,1500.00000000,0.00000000,0.00000000,0.00000000
1578435489747121400,1578438273,1000.00000000,420.31356812,1500.00000000,0.00000000,0.00000000,0.00000000
1578435489751642800,1578438273,1000.00000000,418.21667480,1500.00000000,0.00000000,0.00000000,0.00000000
1578435489756041800,1578438273,1000.00000000,416.09249878,1500.00000000,0.00000000,0.00000000,0.00000000
1578435489760603400,1578438273,1000.00000000,413.94110107,1500.00000000,0.00000000,0.00000000,0.00000000
1578435489765001200,1578438273,1000.00000000,410.66296387,1500.00000000,0.00000000,0.00000000,0.00000000
1578435489769322000,1578438273,1000.00000000,408.44351196,1500.00000000,0.00000000,0.00000000,0.00000000
1578435489773692500,1578438273,1000.00000000,406.19680786,1500.00000000,0.00000000,0.00000000,0.00000000
1578435489778037600,1578438273,1000.00000000,403.92288208,1500.00000000,0.00000000,0.00000000,0.00000000
1578435489782764700,1578438273,1000.00000000,401.62170410,1500.00000000,0.00000000,0.00000000,0.00000000
1578435489787745900,1578438273,1000.00000000,398.11889648,1500.00000000,0.00000000,0.00000000,0.00000000
1578435489791688400,1578438273,1000.00000000,395.74966431,1500.00000000,0.00000000,0.00000000,0.00000000
1578435489796175600,1578438273,1000.00000000,393.35314941,1500.00000000,0.00000000,0.00000000,0.00000000
1578435489800596200,1578438273,1000.00000000,390.92944336,1500.00000000,0.00000000,0.00000000,0.00000000
1578435489805189800,1578438273,1000.00000000,387.24282837,1500.00000000,0.00000000,0.00000000,0.00000000
1578435489809521300,1578438273,1000.00000000,384.75100708,1500.00000000,0.00000000,0.00000000,0.00000000
1578435489814189300,1578438273,1000.00000000,382.23199463,1500.00000000,0.00000000,0.00000000,0.00000000
1578435489818435900,1578438273,1000.00000000,378.40240479,1500.00000000,0.00000000,0.00000000,0.00000000
1578435489822826600,1578438273,1000.00000000,375.81527710,1500.00000000,0.00000000,0.00000000,0.00000000
1578435489827053600,1578438273,1000.00000000,373.20092773,1500.00000000,0.00000000,0.00000000,0.00000000
1578435489831620800,1578438273,1000.00000000,370.55935669,1500.00000000,0.00000000,0.00000000,0.00000000
1578435489836074800,1578438273,1000.00000000,367.89056396,1500.00000000,0.00000000,0.00000000,0.00000000
1578435489840449000,1578438273,1000.00000000,365.19448853,1500.00000000,0.00000000,0.00000000,0.00000000
1578435489844645700,1578438273,1000.00000000,361.09936523,1500.00000000,0.00000000,0.00000000,0.00000000
1578435489849346300,1578438273,1000.00000000,358.33526611,1500.00000000,0.00000000,0.00000000,0.00000000
1578435489853650100,1578438273,1000.00000000,355.54388428,1500.00000000,0.00000000,0.00000000,0.00000000
1578435489858310800,1578438273,1000.00000000,352.72531128,1500.00000000,0.00000000,0.00000000,0.00000000
1578435489862595100,1578438273,1000.00000000,349.87948608,1500.00000000,0.00000000,0.00000000,0.00000000
1578435489866630600,1578438273,1000.00000000,345.55969238,1500.00000000,0.00000000,0.00000000,0.00000000
1578435489871205400,1578438273,1000.00000000,342.64578247,1500.00000000,0.00000000,0.00000000,0.00000000
1578435489875646000,1578438273,1000.00000000,339.70465088,1500.00000000,0.00000000,0.00000000,0.00000000
1578435489880068900,1578438273,1000.00000000,336.73626709,1500.00000000,0.00000000,0.00000000,0.00000000
1578435489884369000,1578438273,1000.00000000,332.23266602,1500.00000000,0.00000000,0.00000000,0.00000000
1578435489889028900,1578438273,1000.00000000,329.19622803,1500.00000000,0.00000000,0.00000000,0.00000000
1578435489893182600,1578438274,1000.00000000,326.13253784,1500.00000000,0.00000000,0.00000000,0.00000000
1578435489897503000,1578438274,1000.00000000,323.04162598,1500.00000000,0.00000000,0.00000000,0.00000000
1578435489902082600,1578438274,1000.00000000,319.92346191,1500.00000000,0.00000000,0.00000000,0.00000000
1578435489906448100,1578438274,1000.00000000,315.19519043,1500.00000000,0.00000000,0.00000000,0.00000000
1578435489910878200,1578438274,1000.00000000,312.00897217,1500.00000000,0.00000000,0.00000000,0.00000000
1578435489915248800,1578438274,1000.00000000,308.79547119,1500.00000000,0.00000000,0.00000000,0.00000000
1578435489919686500,1578438274,1000.00000000,305.55477905,1500.00000000,0.00000000,0.00000000,0.00000000
1578435489924158400,1578438274,1000.00000000,302.28686523,1500.00000000,0.00000000,0.00000000,0.00000000
1578435489928214900,1578438274,1000.00000000,298.99169922,1500.00000000,0.00000000,0.00000000,0.00000000
1578435489932590000,1578438274,1000.00000000,293.99789429,1500.00000000,0.00000000,0.00000000,0.00000000
1578435489937213800,1578438274,1000.00000000,290.63467407,1500.00000000,0.00000000,0.00000000,0.00000000
1578435489941514900,1578438274,1000.00000000,287.24417114,1500.00000000,0.00000000,0.00000000,0.00000000
1578435489946073300,1578438274,1000.00000000,283.82644653,1500.00000000,0.00000000,0.00000000,0.00000000
1578435489950446400,1578438274,1000.00000000,280.38153076,1500.00000000,0.00000000,0.00000000,0.00000000
1578435489955072900,1578438274,1000.00000000,275.16302490,1500.00000000,0.00000000,0.00000000,0.00000000
1578435489959434800,1578438274,1000.00000000,271.65002441,1500.00000000,0.00000000,0.00000000,0.00000000
1578435489963660900,1578438274,1000.00000000,268.10977173,1500.00000000,0.00000000,0.00000000,0.00000000
1578435489968045800,1578438274,1000.00000000,264.54226685,1500.00000000,0.00000000,0.00000000,0.00000000
1578435489972432900,1578438274,1000.00000000,260.94754028,1500.00000000,0.00000000,0.00000000,0.00000000
1578435489976799500,1578438274,1000.00000000,255.50440979,1500.00000000,0.00000000,0.00000000,0.00000000
1578435489981212400,1578438274,1000.00000000,251.84159851,1500.00000000,0.00000000,0.00000000,0.00000000
1578435489985507300,1578438274,1000.00000000,248.15837097,1500.00000000,0.00000000,0.00000000,0.00000000
1578435489990119000,1578438274,1000.00000000,244.49557495,1500.00000000,0.00000000,0.00000000,0.00000000
1578435489994079700,1578438274,1000.00000000,240.85998535,1500.00000000,0.00000000,0.00000000,0.00000000
1578435489998286200,1578438274,1000.00000000,235.45768738,1500.00000000,0.00000000,0.00000000,0.00000000
1578435490002921700,1578438274,1000.00000000,231.89019775,1500.00000000,0.00000000,0.00000000,0.00000000
1578435490007208500,1578438274,1000.00000000,228.34996033,1500.00000000,0.00000000,0.00000000,0.00000000
1578435490011978400,1578438274,1000.00000000,224.83691406,1500.00000000,0.00000000,0.00000000,0.00000000
1578435490016091200,1578438274,1000.00000000,221.35115051,1500.00000000,0.00000000,0.00000000,0.00000000
1578435490021109700,1578438274,1000.00000000,217.89259338,1500.00000000,0.00000000,0.00000000,0.00000000
1578435490025295100,1578438274,1000.00000000,212.75239563,1500.00000000,0.00000000,0.00000000,0.00000000
1578435490030082500,1578438274,1000.00000000,209.33474731,1500.00000000,0.00000000,0.00000000,0.00000000
1578435490034493500,1578438274,1000.00000000,204.20828247,1500.00000000,0.00000000,0.00000000,0.00000000
1578435490039182300,1578438274,1000.00000000,200.79069519,1500.00000000,0.00000000,0.00000000,0.00000000
1578435490043252700,1578438274,1000.00000000,197.37316895,1500.00000000,0.00000000,0.00000000,0.00000000
1578435490047629300,1578438274,1000.00000000,193.95568848,1500.00000000,0.00000000,0.00000000,0.00000000
1578435490052077800,1578438274,1000.00000000,190.53820801,1500.00000000,0.00000000,0.00000000,0.00000000
1578435490056481700,1578438274,1000.00000000,185.41209412,1500.00000000,0.00000000,0.00000000,0.00000000
1578435490061079400,1578438274,1000.00000000,181.99473572,1500.00000000,0.00000000,0.00000000,0.00000000
1578435490065263800,1578438274,1000.00000000,178.57737732,1500.00000000,0.00000000,0.00000000,0.00000000
1578435490069770600,1578438274,1000.00000000,175.16009521,1500.00000000,0.00000000,0.00000000,0.00000000
1578435490074103700,1578438274,1000.00000000,171.74282837,1500.00000000,0.00000000,0.00000000,0.00000000
1578435490078147000,1578438274,1000.00000000,168.32563782,1500.00000000,0.00000000,0.00000000,0.00000000
1578435490082541400,1578438274,1000.00000000,163.19985962,1500.00000000,0.00000000,0.00000000,0.00000000
1578435490087037800,1578438274,1000.00000000,159.78274536,1500.00000000,0.00000000,0.00000000,0.00000000
1578435490091404300,1578438274,1000.00000000,156.36563110,1500.00000000,0.00000000,0.00000000,0.00000000
1578435490095704300,1578438274,1000.00000000,152.94859314,1500.00000000,0.00000000,0.00000000,0.00000000
1578435490100270300,1578438274,1000.00000000,149.53158569,1500.00000000,0.00000000,0.00000000,0.00000000
1578435490104815400,1578438274,1000.00000000,144.40615845,1500.00000000,0.00000000,0.00000000,0.00000000
1578435490109043200,1578438274,1000.00000000,140.98924255,1500.00000000,0.00000000,0.00000000,0.00000000
1578435490113494100,1578438274,1000.00000000,137.57235718,1500.00000000,0.00000000,0.00000000,0.00000000
1578435490117747400,1578438274,1000.00000000,134.15553284,1500.00000000,0.00000000,0.00000000,0.00000000
1578435490122426100,1578438274,1000.00000000,130.73870850,1500.00000000,0.00000000,0.00000000,0.00000000
1578435490126640300,1578438274,1000.00000000,125.61356354,1500.00000000,0.00000000,0.00000000,0.00000000
1578435490131307600,1578438274,1000.00000000,122.19686890,1500.00000000,0.00000000,0.00000000,0.00000000
1578435490135607100,1578438274,1000.00000000,118.78018188,1500.00000000,0.00000000,0.00000000,0.00000000
1578435490140469600,1578438274,1000.00000000,115.36356354,1500.00000000,0.00000000,0.00000000,0.00000000
1578435490144485500,1578438274,1000.00000000,110.23870087,1500.00000000,0.00000000,0.00000000,0.00000000
1578435490148957400,1578438274,1000.00000000,106.82212830,1500.00000000,0.00000000,0.00000000,0.00000000
1578435490153690700,1578438274,1000.00000000,103.40564728,1500.00000000,0.00000000,0.00000000,0.00000000
1578435490158102600,1578438274,1000.00000000,99.98916626,1500.00000000,0.00000000,0.00000000,0.00000000
1578435490162761600,1578438274,1000.00000000,94.86456299,1500.00000000,0.00000000,0.00000000,0.00000000
1578435490167079700,1578438274,1000.00000000,91.44819641,1500.00000000,0.00000000,0.00000000,0.00000000
1578435490171518700,1578438274,1000.00000000,88.03184509,1500.00000000,0.00000000,0.00000000,0.00000000
1578435490175762800,1578438274,1000.00000000,84.61557007,1500.00000000,0.00000000,0.00000000,0.00000000
1578435490180246600,1578438274,1000.00000000,79.49118805,1500.00000000,0.00000000,0.00000000,0.00000000
1578435490184581000,1578438274,1000.00000000,76.07499695,1500.00000000,0.00000000,0.00000000,0.00000000
1578435490189079300,1578438274,1000.00000000,72.65884399,1500.00000000,0.00000000,0.00000000,0.00000000
1578435490193346900,1578438274,1000.00000000,69.24270630,1500.00000000,0.00000000,0.00000000,0.00000000
1578435490197634700,1578438274,1000.00000000,65.82661438,1500.00000000,0.00000000,0.00000000,0.00000000
1578435490202411400,1578438274,1000.00000000,62.41056442,1500.00000000,0.00000000,0.00000000,0.00000000
1578435490206641900,1578438274,1000.00000000,57.28657150,1500.00000000,0.00000000,0.00000000,0.00000000
1578435490211145200,1578438274,1000.00000000,53.87063599,1500.00000000,0.00000000,0.00000000,0.00000000
1578435490215357900,1578438274,1000.00000000,50.45471573,1500.00000000,0.00000000,0.00000000,0.00000000
1578435490220226000,1578438274,1000.00000000,47.03883362,1500.00000000,0.00000000,0.00000000,0.00000000
1578435490224115700,1578438274,1000.00000000,43.62297440,1500.00000000,0.00000000,0.00000000,0.00000000
1578435490228389900,1578438274,1000.00000000,38.49929810,1500.00000000,0.00000000,0.00000000,0.00000000
1578435490232845300,1578438274,1000.00000000,35.08354950,1500.00000000,0.00000000,0.00000000,0.00000000
1578435490237424900,1578438274,1000.00000000,31.66784096,1500.00000000,0.00000000,0.00000000,0.00000000
1578435490241714800,1578438274,1000.00000000,28.25217819,1500.00000000,0.00000000,0.00000000,0.00000000
1578435490246135300,1578438274,1000.00000000,24.83655548,1500.00000000,0.00000000,0.00000000,0.00000000
1578435490250637900,1578438274,1000.00000000,19.71314430,1500.00000000,0.00000000,0.00000000,0.00000000
1578435490255215600,1578438274,1000.00000000,16.29763985,1500.00000000,0.00000000,0.00000000,0.00000000
1578435490260243600,1578438274,1000.00000000,12.88213921,1500.00000000,0.00000000,0.00000000,0.00000000
1578435490264685900,1578438274,1000.00000000,7.75894928,1500.00000000,0.00000000,0.00000000,0.00000000
1578435490268961900,1578438274,1000.00000000,4.34353590,1500.00000000,0.00000000,0.00000000,0.00000000
1578435490273418800,1578438274,1000.00000000,0.92816865,1500.00000000,0.00000000,0.00000000,0.00000000
1578435490277988400,1578438274,1000.00000000,-2.48715639,1500.00000000,0.00000000,0.00000000,0.00000000
1578435490282790300,1578438274,1000.00000000,-7.61009502,1500.00000000,0.00000000,0.00000000,0.00000000
1578435490287175300,1578438274,1000.00000000,-11.02534103,1500.00000000,0.00000000,0.00000000,0.00000000
1578435490291797300,1578438274,1000.00000000,-14.44050598,1500.00000000,0.00000000,0.00000000,0.00000000
1578435490296099600,1578438274,1000.00000000,-17.85569000,1500.00000000,0.00000000,0.00000000,0.00000000
1578435490300708500,1578438274,1000.00000000,-21.27077484,1500.00000000,0.00000000,0.00000000,0.00000000
1578435490305197400,1578438274,1000.00000000,-26.39338303,1500.00000000,0.00000000,0.00000000,0.00000000
1578435490309383600,1578438274,1000.00000000,-29.80841637,1500.00000000,0.00000000,0.00000000,0.00000000
1578435490313742500,1578438274,1000.00000000,-33.22343445,1500.00000000,0.00000000,0.00000000,0.00000000
1578435490318110300,1578438274,1000.00000000,-36.63837051,1500.00000000,0.00000000,0.00000000,0.00000000
1578435490322533500,1578438274,1000.00000000,-41.76074219,1500.00000000,0.00000000,0.00000000,0.00000000
1578435490327009600,1578438274,1000.00000000,-45.17559814,1500.00000000,0.00000000,0.00000000,0.00000000
1578435490331365700,1578438274,1000.00000000,-48.59041595,1500.00000000,0.00000000,0.00000000,0.00000000
1578435490335736300,1578438274,1000.00000000,-52.00518036,1500.00000000,0.00000000,0.00000000,0.00000000
1578435490340092300,1578438274,1000.00000000,-55.41993713,1500.00000000,0.00000000,0.00000000,0.00000000
1578435490344343600,1578438274,1000.00000000,-58.83464813,1500.00000000,0.00000000,0.00000000,0.00000000
1578435490348787400,1578438274,1000.00000000,-63.95665359,1500.00000000,0.00000000,0.00000000,0.00000000
1578435490353001200,1578438274,1000.00000000,-67.37125397,1500.00000000,0.00000000,0.00000000,0.00000000
1578435490357872300,1578438274,1000.00000000,-70.78581238,1500.00000000,0.00000000,0.00000000,0.00000000
1578435490362425100,1578438274,1000.00000000,-74.20035553,1500.00000000,0.00000000,0.00000000,0.00000000
1578435490366570800,1578438274,1000.00000000,-79.32206726,1500.00000000,0.00000000,0.00000000,0.00000000
1578435490371437200,1578438274,1000.00000000,-82.73655701,1500.00000000,0.00000000,0.00000000,0.00000000
1578435490375608500,1578438274,1000.00000000,-86.15092468,1500.00000000,0.00000000,0.00000000,0.00000000
1578435490380094300,1578438274,1000.00000000,-89.56532288,1500.00000000,0.00000000,0.00000000,0.00000000
1578435490384386000,1578438274,1000.00000000,-92.97964478,1500.00000000,0.00000000,0.00000000,0.00000000
1578435490388806700,1578438274,1000.00000000,-98.10105896,1500.00000000,0.00000000,0.00000000,0.00000000
1578435490393163800,1578438274,1000.00000000,-101.51529694,1500.00000000,0.00000000,0.00000000,0.00000000
1578435490397521600,1578438274,1000.00000000,-104.92949677,1500.00000000,0.00000000,0.00000000,0.00000000
1578435490402203100,1578438274,1000.00000000,-108.34365082,1500.00000000,0.00000000,0.00000000,0.00000000
1578435490406618200,1578438274,1000.00000000,-111.75774384,1500.00000000,0.00000000,0.00000000,0.00000000
1578435490411110300,1578438274,1000.00000000,-116.87888336,1500.00000000,0.00000000,0.00000000,0.00000000
1578435490415403500,1578438274,1000.00000000,-120.29291534,1500.00000000,0.00000000,0.00000000,0.00000000
1578435490419708800,1578438274,1000.00000000,-123.70690918,1500.00000000,0.00000000,0.00000000,0.00000000
1578435490424120800,1578438274,1000.00000000,-127.12083435,1500.00000000,0.00000000,0.00000000,0.00000000
1578435490428600800,1578438274,1000.00000000,-132.24169922,1500.00000000,0.00000000,0.00000000,0.00000000
1578435490432993600,1578438274,1000.00000000,-135.65554810,1500.00000000,0.00000000,0.00000000,0.00000000
1578435490437152600,1578438274,1000.00000000,-139.06938171,1500.00000000,0.00000000,0.00000000,0.00000000
1578435490441564400,1578438274,1000.00000000,-142.48316956,1500.00000000,0.00000000,0.00000000,0.00000000
1578435490445687100,1578438274,1000.00000000,-145.89691162,1500.00000000,0.00000000,0.00000000,0.00000000
1578435490450352600,1578438274,1000.00000000,-149.31060791,1500.00000000,0.00000000,0.00000000,0.00000000
1578435490454817200,1578438274,1000.00000000,-154.43112183,1500.00000000,0.00000000,0.00000000,0.00000000
1578435490459195200,1578438274,1000.00000000,-157.84472656,1500.00000000,0.00000000,0.00000000,0.00000000
1578435490463646900,1578438274,1000.00000000,-161.25830078,1500.00000000,0.00000000,0.00000000,0.00000000
1578435490468039300,1578438274,1000.00000000,-164.67182922,1500.00000000,0.00000000,0.00000000,0.00000000
1578435490472665600,1578438274,1000.00000000,-168.08531189,1500.00000000,0.00000000,0.00000000,0.00000000
1578435490476974900,1578438274,1000.00000000,-173.20550537,1500.00000000,0.00000000,0.00000000,0.00000000
1578435490481372000,1578438274,1000.00000000,-176.61889648,1500.00000000,0.00000000,0.00000000,0.00000000
1578435490485622800,1578438274,1000.00000000,-180.03227234,1500.00000000,0.00000000,0.00000000,0.00000000
1578435490490128400,1578438274,1000.00000000,-183.44560242,1500.00000000,0.00000000,0.00000000,0.00000000
1578435490494001000,1578438274,1000.00000000,-186.85888672,1500.00000000,0.00000000,0.00000000,0.00000000
1578435490498385500,1578438274,1000.00000000,-191.97877502,1500.00000000,0.00000000,0.00000000,0.00000000
1578435490503114000,1578438274,1000.00000000,-195.39195251,1500.00000000,0.00000000,0.00000000,0.00000000
1578435490507514100,1578438274,1000.00000000,-198.80511475,1500.00000000,0.00000000,0.00000000,0.00000000
1578435490512086400,1578438274,1000.00000000,-202.21823120,1500.00000000,0.00000000,0.00000000,0.00000000
1578435490516276400,1578438274,1000.00000000,-205.63130188,1500.00000000,0.00000000,0.00000000,0.00000000
1578435490521065000,1578438274,1000.00000000,-210.75083923,1500.00000000,0.00000000,0.00000000,0.00000000
1578435490525414500,1578438274,1000.00000000,-214.16383362,1500.00000000,0.00000000,0.00000000,0.00000000
1578435490530172200,1578438274,1000.00000000,-217.57669067,1500.00000000,0.00000000,0.00000000,0.00000000
1578435490534500200,1578438274,1000.00000000,-220.98890686,1500.00000000,0.00000000,0.00000000,0.00000000
1578435490539232500,1578438274,1000.00000000,-226.10456848,1500.00000000,0.00000000,0.00000000,0.00000000
1578435490543635800,1578438274,1000.00000000,-229.51228333,1500.00000000,0.00000000,0.00000000,0.00000000
1578435490548177000,1578438274,1000.00000000,-232.91706848,1500.00000000,0.00000000,0.00000000,0.00000000
1578435490552498900,1578438274,1000.00000000,-238.01730347,1500.00000000,0.00000000,0.00000000,0.00000000
1578435490556939800,1578438274,1000.00000000,-241.41189575,1500.00000000,0.00000000,0.00000000,0.00000000
1578435490561522700,1578438274,1000.00000000,-244.80125427,1500.00000000,0.00000000,0.00000000,0.00000000
1578435490566138600,1578438274,1000.00000000,-248.18473816,1500.00000000,0.00000000,0.00000000,0.00000000
1578435490570663800,1578438274,1000.00000000,-251.56170654,1500.00000000,0.00000000,0.00000000,0.00000000
1578435490575147200,1578438274,1000.00000000,-256.61349487,1500.00000000,0.00000000,0.00000000,0.00000000
1578435490579591900,1578438274,1000.00000000,-259.97128296,1500.00000000,0.00000000,0.00000000,0.00000000
1578435490584176400,1578438274,1000.00000000,-263.32025146,1500.00000000,0.00000000,0.00000000,0.00000000
1578435490588623400,1578438274,1000.00000000,-268.32577515,1500.00000000,0.00000000,0.00000000,0.00000000
1578435490592779000,1578438274,1000.00000000,-271.64987183,1500.00000000,0.00000000,0.00000000,0.00000000
1578435490597314200,1578438274,1000.00000000,-274.96286011,1500.00000000,0.00000000,0.00000000,0.00000000
1578435490602037000,1578438274,1000.00000000,-278.26409912,1500.00000000,0.00000000,0.00000000,0.00000000
1578435490606431100,1578438274,1000.00000000,-283.19253540,1500.00000000,0.00000000,0.00000000,0.00000000
1578435490611085400,1578438274,1000.00000000,-286.46154785,1500.00000000,0.00000000,0.00000000,0.00000000
1578435490615383100,1578438274,1000.00000000,-289.71652222,1500.00000000,0.00000000,0.00000000,0.00000000
1578435490620179600,1578438274,1000.00000000,-292.95684814,1500.00000000,0.00000000,0.00000000,0.00000000
1578435490624110100,1578438274,1000.00000000,-296.18179321,1500.00000000,0.00000000,0.00000000,0.00000000
1578435490628531400,1578438274,1000.00000000,-300.98907471,1500.00000000,0.00000000,0.00000000,0.00000000
1578435490633044100,1578438274,1000.00000000,-304.17282104,1500.00000000,0.00000000,0.00000000,0.00000000
1578435490637417500,1578438274,1000.00000000,-307.33895874,1500.00000000,0.00000000,0.00000000,0.00000000
1578435490642078200,1578438274,1000.00000000,-310.48681641,1500.00000000,0.00000000,0.00000000,0.00000000
1578435490646443000,1578438274,1000.00000000,-315.17294312,1500.00000000,0.00000000,0.00000000,0.00000000
1578435490650853500,1578438274,1000.00000000,-318.27224731,1500.00000000,0.00000000,0.00000000,0.00000000
1578435490655331800,1578438274,1000.00000000,-321.35101318,1500.00000000,0.00000000,0.00000000,0.00000000
1578435490660161100,1578438274,1000.00000000,-324.40856934,1500.00000000,0.00000000,0.00000000,0.00000000
1578435490664504800,1578438274,1000.00000000,-328.95367432,1500.00000000,0.00000000,0.00000000,0.00000000
1578435490668789200,1578438274,1000.00000000,-331.95532227,1500.00000000,0.00000000,0.00000000,0.00000000
1578435490673341100,1578438274,1000.00000000,-334.93350220,1500.00000000,0.00000000,0.00000000,0.00000000
1578435490678017600,1578438274,1000.00000000,-337.88751221,1500.00000000,0.00000000,0.00000000,0.00000000
1578435490682532100,1578438274,1000.00000000,-342.27182007,1500.00000000,0.00000000,0.00000000,0.00000000
1578435490686972400,1578438274,1000.00000000,-345.16259766,1500.00000000,0.00000000,0.00000000,0.00000000
1578435490691522700,1578438274,1000.00000000,-348.02694702,1500.00000000,0.00000000,0.00000000,0.00000000
1578435490695613600,1578438274,1000.00000000,-350.86431885,1500.00000000,0.00000000,0.00000000,0.00000000
1578435490700438200,1578438274,1000.00000000,-353.67459106,1500.00000000,0.00000000,0.00000000,0.00000000
1578435490705293100,1578438274,1000.00000000,-357.83923340,1500.00000000,0.00000000,0.00000000,0.00000000
1578435490709737900,1578438274,1000.00000000,-360.58178711,1500.00000000,0.00000000,0.00000000,0.00000000
1578435490714202200,1578438274,1000.00000000,-363.29727173,1500.00000000,0.00000000,0.00000000,0.00000000
1578435490718737200,1578438274,1000.00000000,-367.31970215,1500.00000000,0.00000000,0.00000000,0.00000000
1578435490723146000,1578438274,1000.00000000,-369.96746826,1500.00000000,0.00000000,0.00000000,0.00000000
1578435490727572900,1578438274,1000.00000000,-372.58813477,1500.00000000,0.00000000,0.00000000,0.00000000
1578435490732089900,1578438274,1000.00000000,-375.18173218,1500.00000000,0.00000000,0.00000000,0.00000000
1578435490736712800,1578438274,1000.00000000,-379.02130127,1500.00000000,0.00000000,0.00000000,0.00000000
1578435490740861300,1578438274,1000.00000000,-381.54718018,1500.00000000,0.00000000,0.00000000,0.00000000
1578435490745486900,1578438274,1000.00000000,-384.04595947,1500.00000000,0.00000000,0.00000000,0.00000000
1578435490750074400,1578438274,1000.00000000,-386.51766968,1500.00000000,0.00000000,0.00000000,0.00000000
1578435490754455000,1578438274,1000.00000000,-390.17440796,1500.00000000,0.00000000,0.00000000,0.00000000
1578435490758954700,1578438274,1000.00000000,-392.57839966,1500.00000000,0.00000000,0.00000000,0.00000000
1578435490763238200,1578438274,1000.00000000,-394.95526123,1500.00000000,0.00000000,0.00000000,0.00000000
1578435490767429600,1578438274,1000.00000000,-397.30508423,1500.00000000,0.00000000,0.00000000,0.00000000
1578435490772978900,1578438274,1000.00000000,-399.62777710,1500.00000000,0.00000000,0.00000000,0.00000000
1578435490777415300,1578438274,1000.00000000,-403.06106567,1500.00000000,0.00000000,0.00000000,0.00000000
1578435490782424100,1578438274,1000.00000000,-405.31607056,1500.00000000,0.00000000,0.00000000,0.00000000
1578435490786781300,1578438274,1000.00000000,-408.64779663,1500.00000000,0.00000000,0.00000000,0.00000000
1578435490791545100,1578438274,1000.00000000,-410.83505249,1500.00000000,0.00000000,0.00000000,0.00000000
1578435490796067600,1578438274,1000.00000000,-412.99523926,1500.00000000,0.00000000,0.00000000,0.00000000
1578435490800667700,1578438274,1000.00000000,-415.12835693,1500.00000000,0.00000000,0.00000000,0.00000000
1578435490805455800,1578438274,1000.00000000,-418.27722168,1500.00000000,0.00000000,0.00000000,0.00000000
1578435490809429000,1578438274,1000.00000000,-420.34262085,1500.00000000,0.00000000,0.00000000,0.00000000
1578435490814188400,1578438274,1000.00000000,-422.38092041,1500.00000000,0.00000000,0.00000000,0.00000000
1578435490818466500,1578438274,1000.00000000,-425.38757324,1500.00000000,0.00000000,0.00000000,0.00000000
1578435490822672100,1578438274,1000.00000000,-427.35815430,1500.00000000,0.00000000,0.00000000,0.00000000
1578435490827402100,1578438274,1000.00000000,-429.30166626,1500.00000000,0.00000000,0.00000000,0.00000000
1578435490831687500,1578438274,1000.00000000,-431.21807861,1500.00000000,0.00000000,0.00000000,0.00000000
1578435490836007600,1578438274,1000.00000000,-433.10739136,1500.00000000,0.00000000,0.00000000,0.00000000
1578435490840758600,1578438274,1000.00000000,-434.96963501,1500.00000000,0.00000000,0.00000000,0.00000000
1578435490845362100,1578438274,1000.00000000,-437.71218872,1500.00000000,0.00000000,0.00000000,0.00000000
1578435490850091600,1578438274,1000.00000000,-439.50671387,1500.00000000,0.00000000,0.00000000,0.00000000
1578435490854583600,1578438274,1000.00000000,-441.27413940,1500.00000000,0.00000000,0.00000000,0.00000000
1578435490859182900,1578438274,1000.00000000,-443.87451172,1500.00000000,0.00000000,0.00000000,0.00000000
1578435490863597400,1578438274,1000.00000000,-445.57421875,1500.00000000,0.00000000,0.00000000,0.00000000
1578435490867999100,1578438274,1000.00000000,-447.24682617,1500.00000000,0.00000000,0.00000000,0.00000000
1578435490873109600,1578438274,1000.00000000,-449.70498657,1500.00000000,0.00000000,0.00000000,0.00000000
1578435490877465600,1578438274,1000.00000000,-451.30990601,1500.00000000,0.00000000,0.00000000,0.00000000
1578435490882152200,1578438274,1000.00000000,-452.88772583,1500.00000000,0.00000000,0.00000000,0.00000000
1578435490886535600,1578438274,1000.00000000,-454.43844604,1500.00000000,0.00000000,0.00000000,0.00000000
1578435490891210600,1578438274,1000.00000000,-456.71377563,1500.00000000,0.00000000,0.00000000,0.00000000
1578435490895296900,1578438275,1000.00000000,-458.19677734,1500.00000000,0.00000000,0.00000000,0.00000000
1578435490900122500,1578438275,1000.00000000,-459.65270996,1500.00000000,0.00000000,0.00000000,0.00000000
1578435490904709000,1578438275,1000.00000000,-461.08154297,1500.00000000,0.00000000,0.00000000,0.00000000
1578435490909183800,1578438275,1000.00000000,-463.17404175,1500.00000000,0.00000000,0.00000000,0.00000000
1578435490913522300,1578438275,1000.00000000,-464.53515625,1500.00000000,0.00000000,0.00000000,0.00000000
1578435490918066900,1578438275,1000.00000000,-465.86920166,1500.00000000,0.00000000,0.00000000,0.00000000
1578435490922657600,1578438275,1000.00000000,-467.81945801,1500.00000000,0.00000000,0.00000000,0.00000000
1578435490927162000,1578438275,1000.00000000,-469.08578491,1500.00000000,0.00000000,0.00000000,0.00000000
1578435490932063000,1578438275,1000.00000000,-470.32501221,1500.00000000,0.00000000,0.00000000,0.00000000
1578435490936065400,1578438275,1000.00000000,-471.53713989,1500.00000000,0.00000000,0.00000000,0.00000000
1578435490940776500,1578438275,1000.00000000,-473.30459595,1500.00000000,0.00000000,0.00000000,0.00000000
1578435490945237600,1578438275,1000.00000000,-474.44900513,1500.00000000,0.00000000,0.00000000,0.00000000
1578435490949807800,1578438275,1000.00000000,-475.56634521,1500.00000000,0.00000000,0.00000000,0.00000000
1578435490954292500,1578438275,1000.00000000,-476.65661621,1500.00000000,0.00000000,0.00000000,0.00000000
1578435490958624800,1578438275,1000.00000000,-478.24121094,1500.00000000,0.00000000,0.00000000,0.00000000
1578435490963116000,1578438275,1000.00000000,-479.26373291,1500.00000000,0.00000000,0.00000000,0.00000000
1578435490967403600,1578438275,1000.00000000,-480.25918579,1500.00000000,0.00000000,0.00000000,0.00000000
1578435490972093000,1578438275,1000.00000000,-481.22753906,1500.00000000,0.00000000,0.00000000,0.00000000
1578435490976481100,1578438275,1000.00000000,-482.62930298,1500.00000000,0.00000000,0.00000000,0.00000000
1578435490980806900,1578438275,1000.00000000,-483.52993774,1500.00000000,0.00000000,0.00000000,0.00000000
1578435490985249000,1578438275,1000.00000000,-484.40350342,1500.00000000,0.00000000,0.00000000,0.00000000
1578435490989784900,1578438275,1000.00000000,-485.24996948,1500.00000000,0.00000000,0.00000000,0.00000000
1578435490994067900,1578438275,1000.00000000,-486.06936646,1500.00000000,0.00000000,0.00000000,0.00000000
1578435490998455400,1578438275,1000.00000000,-487.24765015,1500.00000000,0.00000000,0.00000000,0.00000000
1578435491002868600,1578438275,1000.00000000,-487.99932861,1500.00000000,0.00000000,0.00000000,0.00000000
1578435491007130300,1578438275,1000.00000000,-488.72390747,1500.00000000,0.00000000,0.00000000,0.00000000
1578435491011659100,1578438275,1000.00000000,-489.42138672,1500.00000000,0.00000000,0.00000000,0.00000000
1578435491016152300,1578438275,1000.00000000,-490.09179688,1500.00000000,0.00000000,0.00000000,0.00000000
1578435491020655400,1578438275,1000.00000000,-491.04660034,1500.00000000,0.00000000,0.00000000,0.00000000
1578435491025207000,1578438275,1000.00000000,-491.64929199,1500.00000000,0.00000000,0.00000000,0.00000000
1578435491029578700,1578438275,1000.00000000,-492.22488403,1500.00000000,0.00000000,0.00000000,0.00000000
1578435491034012300,1578438275,1000.00000000,-492.77349854,1500.00000000,0.00000000,0.00000000,0.00000000
1578435491038415200,1578438275,1000.00000000,-493.54708862,1500.00000000,0.00000000,0.00000000,0.00000000
1578435491042856400,1578438275,1000.00000000,-494.03082275,1500.00000000,0.00000000,0.00000000,0.00000000
1578435491047282200,1578438275,1000.00000000,-494.48980713,1500.00000000,0.00000000,0.00000000,0.00000000
1578435491051736400,1578438275,1000.00000000,-494.92459106,1500.00000000,0.00000000,0.00000000,0.00000000
1578435491056108500,1578438275,1000.00000000,-495.33590698,1500.00000000,0.00000000,0.00000000,0.00000000
1578435491060788200,1578438275,1000.00000000,-495.91024780,1500.00000000,0.00000000,0.00000000,0.00000000
1578435491065033500,1578438275,1000.00000000,-496.26565552,1500.00000000,0.00000000,0.00000000,0.00000000
1578435491069687400,1578438275,1000.00000000,-496.59988403,1500.00000000,0.00000000,0.00000000,0.00000000
1578435491074129300,1578438275,1000.00000000,-496.91351318,1500.00000000,0.00000000,0.00000000,0.00000000
1578435491078493600,1578438275,1000.00000000,-497.34689331,1500.00000000,0.00000000,0.00000000,0.00000000
1578435491082820200,1578438275,1000.00000000,-497.61199951,1500.00000000,0.00000000,0.00000000,0.00000000
1578435491087188100,1578438275,1000.00000000,-497.85882568,1500.00000000,0.00000000,0.00000000,0.00000000
1578435491091716800,1578438275,1000.00000000,-498.08801270,1500.00000000,0.00000000,0.00000000,0.00000000
1578435491096426100,1578438275,1000.00000000,-498.40020752,1500.00000000,0.00000000,0.00000000,0.00000000
1578435491101035600,1578438275,1000.00000000,-498.58822632,1500.00000000,0.00000000,0.00000000,0.00000000
1578435491105444300,1578438275,1000.00000000,-498.76089478,1500.00000000,0.00000000,0.00000000,0.00000000
1578435491110118500,1578438275,1000.00000000,-498.91885376,1500.00000000,0.00000000,0.00000000,0.00000000
1578435491114779500,1578438275,1000.00000000,-499.06280518,1500.00000000,0.00000000,0.00000000,0.00000000
1578435491119050200,1578438275,1000.00000000,-499.25384521,1500.00000000,0.00000000,0.00000000,0.00000000
1578435491123375000,1578438275,1000.00000000,-499.36557007,1500.00000000,0.00000000,0.00000000,0.00000000
1578435491128100900,1578438275,1000.00000000,-499.46554565,1500.00000000,0.00000000,0.00000000,0.00000000
1578435491132794000,1578438275,1000.00000000,-499.59490967,1500.00000000,0.00000000,0.00000000,0.00000000
1578435491137085900,1578438275,1000.00000000,-499.66836548,1500.00000000,0.00000000,0.00000000,0.00000000
1578435491141550600,1578438275,1000.00000000,-499.73236084,1500.00000000,0.00000000,0.00000000,0.00000000
1578435491146207100,1578438275,1000.00000000,-499.78753662,1500.00000000,0.00000000,0.00000000,0.00000000
1578435491150502500,1578438275,1000.00000000,-499.85519409,1500.00000000,0.00000000,0.00000000,0.00000000
1578435491154874200,1578438275,1000.00000000,-499.89120483,1500.00000000,0.00000000,0.00000000,0.00000000
1578435491159524400,1578438275,1000.00000000,-499.92068481,1500.00000000,0.00000000,0.00000000,0.00000000
1578435491164065600,1578438275,1000.00000000,-499.94430542,1500.00000000,0.00000000,0.00000000,0.00000000
1578435491168439000,1578438275,1000.00000000,-499.97012329,1500.00000000,0.00000000,0.00000000,0.00000000
1578435491172839300,1578438275,1000.00000000,-499.98190308,1500.00000000,0.00000000,0.00000000,0.00000000
1578435491177359200,1578438275,1000.00000000,-499.99008179,1500.00000000,0.00000000,0.00000000,0.00000000
1578435491182232500,1578438275,1000.00000000,-499.99533081,1500.00000000,0.00000000,0.00000000,0.00000000
1578435491186436000,1578438275,1000.00000000,-499.99829102,1500.00000000,0.00000000,0.00000000,0.00000000
1578435491191071600,1578438275,1000.00000000,-499.99987793,1500.00000000,0.00000000,0.00000000,0.00000000
1578435491195591800,1578438275,1000.00000000,-500.00000000,1500.00000000,0.00000000,0.00000000,0.00000000
1578435491200251300,1578438275,1000.00000000,-500.00000000,1500.00000000,0.00000000,0.00000000,0.00000000
1578435491204590400,1578438275,1000.00000000,-500.00000000,1500.00000000,0.00000000,0.00000000,0.00000000
1578435491209044900,1578438275,1000.00000000,-500.00000000,1500.00000000,0.00000000,0.00000000,0.00000000
1578435491213220500,1578438275,1000.00000000,-500.00000000,1500.00000000,0.00000000,0.00000000,0.00000000
1578435491217485200,1578438275,1000.00000000,-500.00000000,1500.00000000,0.00000000,0.00000000,0.00000000
1578435491222095500,1578438275,1000.00000000,-500.00000000,1500.00000000,0.00000000,0.00000000,0.00000000
1578435491226405600,1578438275,1000.00000000,-500.00000000,1500.00000000,0.00000000,0.00000000,0.00000000
1578435491230724500,1578438275,1000.00000000,-500.00000000,1500.00000000,0.00000000,0.00000000,0.00000000
1578435491234830000,1578438275,1000.00000000,-500.00000000,1500.00000000,0.00000000,0.00000000,0.00000000
1578435491239334600,1578438275,1000.00000000,-500.00000000,1500.00000000,0.00000000,0.00000000,0.00000000
1578435491243593400,1578438275,1000.00000000,-500.00000000,1500.00000000,0.00000000,0.00000000,0.00000000
1578435491248072400,1578438275,1000.00000000,-500.00000000,1500.00000000,0.00000000,0.00000000,0.00000000
1578435491252333600,1578438275,1000.00000000,-500.00000000,1500.00000000,0.00000000,0.00000000,0.00000000
1578435491256628600,1578438275,1000.00000000,-500.00000000,1500.00000000,0.00000000,0.00000000,0.00000000
1578435491261291400,1578438275,1000.00000000,-500.00000000,1500.00000000,0.00000000,0.00000000,0.00000000
1578435491265439800,1578438275,1000.00000000,-500.00000000,1500.00000000,0.00000000,0.00000000,0.00000000
1578435491270076500,1578438275,1000.00000000,-500.00000000,1500.00000000,0.00000000,0.00000000,0.00000000
1578435491274311200,1578438275,1000.00000000,-500.00000000,1500.00000000,0.00000000,0.00000000,0.00000000
1578435491278414600,1578438275,1000.00000000,-500.00000000,1500.00000000,0.00000000,0.00000000,0.00000000
1578435491282985500,1578438275,1000.00000000,-500.00000000,1500.00000000,0.00000000,0.00000000,0.00000000
1578435491287528100,1578438275,1000.00000000,-500.00000000,1500.00000000,0.00000000,0.00000000,0.00000000
1578435491291712200,1578438275,1000.00000000,-500.00000000,1500.00000000,0.00000000,0.00000000,0.00000000
1578435491296313400,1578438275,1000.00000000,-500.00000000,1500.00000000,0.00000000,0.00000000,0.00000000
1578435491300656800,1578438275,1000.00000000,-500.00000000,1500.00000000,0.00000000,0.00000000,0.00000000
1578435491305124100,1578438275,1000.00000000,-500.00000000,1500.00000000,0.00000000,0.00000000,0.00000000
1578435491309369500,1578438275,1000.00000000,-500.00000000,1500.00000000,0.00000000,0.00000000,0.00000000
1578435491313184500,1578438275,999.99993896,-500.00000000,1500.00000000,0.00000000,0.00000000,0.00000000
1578435491317045300,1578438275,999.99993896,-500.00000000,1500.00000000,0.00000000,0.00000000,0.00000000
1578435491321149500,1578438275,999.99993896,-500.00000000,1500.00000000,0.00000000,0.00000000,0.00000000
1578435491325082200,1578438275,999.99993896,-500.00000000,1500.00000000,0.00000000,0.00000000,0.00000000
1578435491329078000,1578438275,999.99993896,-500.00000000,1500.00000000,0.00000000,0.00000000,0.00000000
1578435491333096700,1578438275,999.99993896,-500.00000000,1500.00000000,0.00000000,0.00000000,0.00000000
1578435491336895700,1578438275,999.99993896,-500.00000000,1500.00000000,0.00000000,0.00000000,0.00000000
1578435491341087400,1578438275,999.99993896,-500.00000000,1500.00000000,0.00000000,0.00000000,0.00000000
1578435491344986800,1578438275,999.99993896,-500.00000000,1500.00000000,0.00000000,0.00000000,0.00000000
1578435491349003800,1578438275,999.99993896,-500.00000000,1500.00000000,0.00000000,0.00000000,0.00000000
1578435491353306100,1578438275,999.99993896,-500.00000000,1500.00000000,0.00000000,0.00000000,0.00000000
1578435491357244200,1578438275,999.99993896,-500.00000000,1500.00000000,0.00000000,0.00000000,0.00000000
1578435491361324300,1578438275,999.99993896,-500.00000000,1500.00000000,0.00000000,0.00000000,0.00000000
1578435491365171400,1578438275,999.99993896,-500.00000000,1500.00000000,0.00000000,0.00000000,0.00000000
1578435491369007800,1578438275,999.99993896,-500.00000000,1500.00000000,0.00000000,0.00000000,0.00000000
1578435491373278500,1578438275,999.99993896,-500.00000000,1500.00000000,0.00000000,0.00000000,0.00000000
1578435491377073100,1578438275,999.99993896,-500.00000000,1500.00000000,0.00000000,0.00000000,0.00000000
1578435491381072100,1578438275,999.99993896,-500.00000000,1500.00000000,0.00000000,0.00000000,0.00000000
1578435491384960100,1578438275,999.99993896,-500.00000000,1500.00000000,0.00000000,0.00000000,0.00000000
1578435491389132400,1578438275,999.99993896,-500.00000000,1500.00000000,0.00000000,0.00000000,0.00000000
1578435491392964900,1578438275,999.99993896,-500.00000000,1500.00000000,0.00000000,0.00000000,0.00000000
1578435491396861100,1578438275,999.99993896,-500.00000000,1500.00000000,0.00000000,0.00000000,0.00000000
1578435491399561000,1578438275,999.99993896,-500.00000000,1500.00000000,0.00000000,0.00000000,0.00000000
