1576471499232940600,1576474287,400.83569336,0.00000000,1500.00000000,0.00000000,0.00000000,0.00000000
1576471499274172300,1576474287,400.84106445,0.00000000,1500.00000000,0.00000000,0.00000000,0.00000000
1576471499318116300,1576474287,400.86279297,0.00000000,1500.00000000,0.00000000,0.00000000,0.00000000
1576471499360015100,1576474287,400.88479614,0.00000000,1500.00000000,0.00000000,0.00000000,0.00000000
1576471499401733900,1576474287,400.90707397,0.00000000,1500.00000000,0.00000000,0.00000000,0.00000000
1576471499442499200,1576474287,400.93530273,0.00000000,1500.00000000,0.00000000,0.00000000,0.00000000
1576471499483473400,1576474287,400.95822144,0.00000000,1500.00000000,0.00000000,0.00000000,0.00000000
1576471499524429100,1576474287,400.98138428,0.00000000,1500.00000000,0.00000000,0.00000000,0.00000000
1576471499565707300,1576474287,401.00485229,0.00000000,1500.00000000,0.00000000,0.00000000,0.00000000
1576471499605669900,1576474287,401.02859497,0.00000000,1500.00000000,0.00000000,0.00000000,0.00000000
1576471499646544000,1576474287,401.05258179,0.00000000,1500.00000000,0.00000000,0.00000000,0.00000000
1576471499688484600,1576474287,401.07687378,0.00000000,1500.00000000,0.00000000,0.00000000,0.00000000
1576471499729440000,1576474287,401.10144043,0.00000000,1500.00000000,0.00000000,0.00000000,0.00000000
1576471499770305800,1576474287,401.12628174,0.00000000,1500.00000000,0.00000000,0.00000000,0.00000000
1576471499811269300,1576474287,401.15139771,0.00000000,1500.00000000,0.00000000,0.00000000,0.00000000
1576471499852396300,1576474287,401.17681885,0.00000000,1500.00000000,0.00000000,0.00000000,0.00000000
1576471499894369400,1576474287,401.20895386,0.00000000,1500.00000000,0.00000000,0.00000000,0.00000000
1576471499936149000,1576474287,401.23495483,0.00000000,1500.00000000,0.00000000,0.00000000,0.00000000
1576471499978343900,1576474287,401.26126099,0.00000000,1500.00000000,0.00000000,0.00000000,0.00000000
1576471500019886200,1576474287,401.28784180,0.00000000,1500.00000000,0.00000000,0.00000000,0.00000000
1576471500060681000,1576474287,401.31466675,0.00000000,1500.00000000,0.00000000,0.00000000,0.00000000
1576471500101539600,1576474287,401.34179688,0.00000000,1500.00000000,0.00000000,0.00000000,0.00000000
1576471500142544400,1576474287,401.36920166,0.00000000,1500.00000000,0.00000000,0.00000000,0.00000000
1576471500183381800,1576474287,401.40383911,0.00000000,1500.00000000,0.00000000,0.00000000,0.00000000
1576471500224130400,1576474287,401.43188477,0.00000000,1500.00000000,0.00000000,0.00000000,0.00000000
1576471500265343300,1576474288,401.46017456,0.00000000,1500.00000000,0.00000000,0.00000000,0.00000000
1576471500307264900,1576474288,401.48876953,0.00000000,1500.00000000,0.00000000,0.00000000,0.00000000
1576471500349655000,1576474288,401.51763916,0.00000000,1500.00000000,0.00000000,0.00000000,0.00000000
1576471500391220300,1576474288,401.54675293,0.00000000,1500.00000000,0.00000000,0.00000000,0.00000000
1576471500432870000,1576474288,401.57617188,0.00000000,1500.00000000,0.00000000,0.00000000,0.00000000
1576471500473505000,1576474288,401.61334229,0.00000000,1500.00000000,0.00000000,0.00000000,0.00000000
1576471500514498400,1576474288,401.64337158,0.00000000,1500.00000000,0.00000000,0.00000000,0.00000000
1576471500555483600,1576474288,401.67367554,0.00000000,1500.00000000,0.00000000,0.00000000,0.00000000
1576471500596190000,1576474288,401.70425415,0.00000000,1500.00000000,0.00000000,0.00000000,0.00000000
1576471500638068800,1576474288,401.73513794,0.00000000,1500.00000000,0.00000000,0.00000000,0.00000000
1576471500680003700,1576474288,401.76626587,0.00000000,1500.00000000,0.00000000,0.00000000,0.00000000
1576471500721884700,1576474288,401.79769897,0.00000000,1500.00000000,0.00000000,0.00000000,0.00000000
1576471500762740500,1576474288,401.83737183,0.00000000,1500.00000000,0.00000000,0.00000000,0.00000000
1576471500803391200,1576474288,401.86941528,0.00000000,1500.00000000,0.00000000,0.00000000,0.00000000
1576471500845423000,1576474288,401.90173340,0.00000000,1500.00000000,0.00000000,0.00000000,0.00000000
1576471500886462500,1576474288,401.93432617,0.00000000,1500.00000000,0.00000000,0.00000000,0.00000000
1576471500928305800,1576474288,401.96719360,0.00000000,1500.00000000,0.00000000,0.00000000,0.00000000
1576471500970043200,1576474288,402.00036621,0.00000000,1500.00000000,0.00000000,0.00000000,0.00000000
1576471501011969600,1576474288,402.03378296,0.00000000,1500.00000000,0.00000000,0.00000000,0.00000000
1576471501054757600,1576474288,402.07595825,0.00000000,1500.00000000,0.00000000,0.00000000,0.00000000
1576471501095641000,1576474288,402.11001587,0.00000000,1500.00000000,0.00000000,0.00000000,0.00000000
1576471501136451000,1576474288,402.14434814,0.00000000,1500.00000000,0.00000000,0.00000000,0.00000000
1576471501177423100,1576474288,402.17895508,0.00000000,1500.00000000,0.00000000,0.00000000,0.00000000
1576471501219375800,1576474288,402.21383667,0.00000000,1500.00000000,0.00000000,0.00000000,0.00000000
1576471501261564700,1576474289,402.24899292,0.00000000,1500.00000000,0.00000000,0.00000000,0.00000000
1576471501303725700,1576474289,402.28442383,0.00000000,1500.00000000,0.00000000,0.00000000,0.00000000
1576471501344908000,1576474289,402.32913208,0.00000000,1500.00000000,0.00000000,0.00000000,0.00000000
1576471501386661900,1576474289,402.36517334,0.00000000,1500.00000000,0.00000000,0.00000000,0.00000000
1576471501427838100,1576474289,402.40151978,0.00000000,1500.00000000,0.00000000,0.00000000,0.00000000
1576471501468422900,1576474289,402.43814087,0.00000000,1500.00000000,0.00000000,0.00000000,0.00000000
1576471501509494800,1576474289,402.47503662,0.00000000,1500.00000000,0.00000000,0.00000000,0.00000000
1576471501550860300,1576474289,402.51220703,0.00000000,1500.00000000,0.00000000,0.00000000,0.00000000
1576471501591388600,1576474289,402.54965210,0.00000000,1500.00000000,0.00000000,0.00000000,0.00000000
1576471501633347000,1576474289,402.58737183,0.00000000,1500.00000000,0.00000000,0.00000000,0.00000000
1576471501675180000,1576474289,402.63491821,0.00000000,1500.00000000,0.00000000,0.00000000,0.00000000
1576471501717316300,1576474289,402.67324829,0.00000000,1500.00000000,0.00000000,0.00000000,0.00000000
1576471501758842700,1576474289,402.71188354,0.00000000,1500.00000000,0.00000000,0.00000000,0.00000000
1576471501799631800,1576474289,402.75079346,0.00000000,1500.00000000,0.00000000,0.00000000,0.00000000
1576471501840651700,1576474289,402.78994751,0.00000000,1500.00000000,0.00000000,0.00000000,0.00000000
1576471501881345000,1576474289,402.82940674,0.00000000,1500.00000000,0.00000000,0.00000000,0.00000000
1576471501922324200,1576474289,402.86914063,0.00000000,1500.00000000,0.00000000,0.00000000,0.00000000
1576471501963420100,1576474289,402.91918945,0.00000000,1500.00000000,0.00000000,0.00000000,0.00000000
1576471502005475700,1576474289,402.95956421,0.00000000,1500.00000000,0.00000000,0.00000000,0.00000000
1576471502047258400,1576474289,403.00018311,0.00000000,1500.00000000,0.00000000,0.00000000,0.00000000
1576471502088840700,1576474289,403.04110718,0.00000000,1500.00000000,0.00000000,0.00000000,0.00000000
1576471502129859600,1576474289,403.08227539,0.00000000,1500.00000000,0.00000000,0.00000000,0.00000000
1576471502171485200,1576474289,403.12374878,0.00000000,1500.00000000,0.00000000,0.00000000,0.00000000
1576471502212448700,1576474289,403.16549683,0.00000000,1500.00000000,0.00000000,0.00000000,0.00000000
1576471502253404600,1576474290,403.21804810,0.00000000,1500.00000000,0.00000000,0.00000000,0.00000000
1576471502294483400,1576474290,403.26040649,0.00000000,1500.00000000,0.00000000,0.00000000,0.00000000
1576471502334462800,1576474290,403.30303955,0.00000000,1500.00000000,0.00000000,0.00000000,0.00000000
1576471502376291300,1576474290,403.34597778,0.00000000,1500.00000000,0.00000000,0.00000000,0.00000000
1576471502418416400,1576474290,403.38916016,0.00000000,1500.00000000,0.00000000,0.00000000,0.00000000
1576471502459977700,1576474290,403.43264771,0.00000000,1500.00000000,0.00000000,0.00000000,0.00000000
1576471502501897300,1576474290,403.47637939,0.00000000,1500.00000000,0.00000000,0.00000000,0.00000000
1576471502542599200,1576474290,403.53146362,0.00000000,1500.00000000,0.00000000,0.00000000,0.00000000
1576471502583432700,1576474290,403.57583618,0.00000000,1500.00000000,0.00000000,0.00000000,0.00000000
1576471502624700500,1576474290,403.62045288,0.00000000,1500.00000000,0.00000000,0.00000000,0.00000000
1576471502665367500,1576474290,403.66537476,0.00000000,1500.00000000,0.00000000,0.00000000,0.00000000
1576471502706313000,1576474290,403.71057129,0.00000000,1500.00000000,0.00000000,0.00000000,0.00000000
1576471502750435000,1576474290,403.75604248,0.00000000,1500.00000000,0.00000000,0.00000000,0.00000000
1576471502792018600,1576474290,403.80178833,0.00000000,1500.00000000,0.00000000,0.00000000,0.00000000
1576471502833743100,1576474290,403.85937500,0.00000000,1500.00000000,0.00000000,0.00000000,0.00000000
1576471502874715700,1576474290,403.90573120,0.00000000,1500.00000000,0.00000000,0.00000000,0.00000000
1576471502915653200,1576474290,403.95239258,0.00000000,1500.00000000,0.00000000,0.00000000,0.00000000
1576471502956482900,1576474290,403.99929810,0.00000000,1500.00000000,0.00000000,0.00000000,0.00000000
1576471502997470200,1576474290,404.04650879,0.00000000,1500.00000000,0.00000000,0.00000000,0.00000000
1576471503038534000,1576474290,404.09399414,0.00000000,1500.00000000,0.00000000,0.00000000,0.00000000
1576471503079221300,1576474290,404.14175415,0.00000000,1500.00000000,0.00000000,0.00000000,0.00000000
1576471503121271300,1576474290,404.18978882,0.00000000,1500.00000000,0.00000000,0.00000000,0.00000000
1576471503163172300,1576474290,404.23809814,0.00000000,1500.00000000,0.00000000,0.00000000,0.00000000
1576471503204835200,1576474290,404.29885864,0.00000000,1500.00000000,0.00000000,0.00000000,0.00000000
1576471503245904100,1576474291,404.34780884,0.00000000,1500.00000000,0.00000000,0.00000000,0.00000000
1576471503286918900,1576474291,404.39700317,0.00000000,1500.00000000,0.00000000,0.00000000,0.00000000
1576471503328697500,1576474291,404.44650269,0.00000000,1500.00000000,0.00000000,0.00000000,0.00000000
1576471503369576300,1576474291,404.49624634,0.00000000,1500.00000000,0.00000000,0.00000000,0.00000000
1576471503410364600,1576474291,404.54629517,0.00000000,1500.00000000,0.00000000,0.00000000,0.00000000
1576471503451376500,1576474291,404.59661865,0.00000000,1500.00000000,0.00000000,0.00000000,0.00000000
1576471503493342400,1576474291,404.64721680,0.00000000,1500.00000000,0.00000000,0.00000000,0.00000000
1576471503535606400,1576474291,404.71084595,0.00000000,1500.00000000,0.00000000,0.00000000,0.00000000
1576471503576743400,1576474291,404.76205444,0.00000000,1500.00000000,0.00000000,0.00000000,0.00000000
1576471503617829600,1576474291,404.81353760,0.00000000,1500.00000000,0.00000000,0.00000000,0.00000000
1576471503659015800,1576474291,404.86532593,0.00000000,1500.00000000,0.00000000,0.00000000,0.00000000
1576471503700422000,1576474291,404.91735840,0.00000000,1500.00000000,0.00000000,0.00000000,0.00000000
1576471503741461000,1576474291,404.96969604,0.00000000,1500.00000000,0.00000000,0.00000000,0.00000000
1576471503782284300,1576474291,405.02227783,0.00000000,1500.00000000,0.00000000,0.00000000,0.00000000
1576471503822560800,1576474291,405.08804321,0.00000000,1500.00000000,0.00000000,0.00000000,0.00000000
1576471503863567800,1576474291,405.14065552,0.00000000,1500.00000000,0.00000000,0.00000000,0.00000000
1576471503905433100,1576474291,405.19329834,0.00000000,1500.00000000,0.00000000,0.00000000,0.00000000
1576471503946686400,1576474291,405.24591064,0.00000000,1500.00000000,0.00000000,0.00000000,0.00000000
1576471503986622700,1576474291,405.29852295,0.00000000,1500.00000000,0.00000000,0.00000000,0.00000000
1576471504027344000,1576474291,405.35116577,0.00000000,1500.00000000,0.00000000,0.00000000,0.00000000
1576471504068790600,1576474291,405.40377808,0.00000000,1500.00000000,0.00000000,0.00000000,0.00000000
1576471504109359800,1576474291,405.45639038,0.00000000,1500.00000000,0.00000000,0.00000000,0.00000000
1576471504151251400,1576474291,405.50903320,0.00000000,1500.00000000,0.00000000,0.00000000,0.00000000
1576471504192975600,1576474291,405.56164551,0.00000000,1500.00000000,0.00000000,0.00000000,0.00000000
1576471504234037500,1576474291,405.62744141,0.00000000,1500.00000000,0.00000000,0.00000000,0.00000000
1576471504276112000,1576474292,405.68005371,0.00000000,1500.00000000,0.00000000,0.00000000,0.00000000
1576471504318039800,1576474292,405.73269653,0.00000000,1500.00000000,0.00000000,0.00000000,0.00000000
1576471504359938700,1576474292,405.78530884,0.00000000,1500.00000000,0.00000000,0.00000000,0.00000000
1576471504401682500,1576474292,405.83795166,0.00000000,1500.00000000,0.00000000,0.00000000,0.00000000
1576471504442644200,1576474292,405.89056396,0.00000000,1500.00000000,0.00000000,0.00000000,0.00000000
1576471504484665000,1576474292,405.95632935,0.00000000,1500.00000000,0.00000000,0.00000000,0.00000000
1576471504525299500,1576474292,406.00894165,0.00000000,1500.00000000,0.00000000,0.00000000,0.00000000
1576471504566281700,1576474292,406.06158447,0.00000000,1500.00000000,0.00000000,0.00000000,0.00000000
1576471504607982200,1576474292,406.11422729,0.00000000,1500.00000000,0.00000000,0.00000000,0.00000000
1576471504650723000,1576474292,406.16680908,0.00000000,1500.00000000,0.00000000,0.00000000,0.00000000
1576471504691788700,1576474292,406.21945190,0.00000000,1500.00000000,0.00000000,0.00000000,0.00000000
1576471504732632800,1576474292,406.28524780,0.00000000,1500.00000000,0.00000000,0.00000000,0.00000000
1576471504773734600,1576474292,406.33786011,0.00000000,1500.00000000,0.00000000,0.00000000,0.00000000
1576471504814677100,1576474292,406.39050293,0.00000000,1500.00000000,0.00000000,0.00000000,0.00000000
1576471504855457500,1576474292,406.44311523,0.00000000,1500.00000000,0.00000000,0.00000000,0.00000000
1576471504896333800,1576474292,406.49575806,0.00000000,1500.00000000,0.00000000,0.00000000,0.00000000
1576471504937385400,1576474292,406.54837036,0.00000000,1500.00000000,0.00000000,0.00000000,0.00000000
1576471504979299600,1576474292,406.60101318,0.00000000,1500.00000000,0.00000000,0.00000000,0.00000000
1576471505020899300,1576474292,406.65359497,0.00000000,1500.00000000,0.00000000,0.00000000,0.00000000
1576471505061778600,1576474292,406.70623779,0.00000000,1500.00000000,0.00000000,0.00000000,0.00000000
1576471505102782700,1576474292,406.77203369,0.00000000,1500.00000000,0.00000000,0.00000000,0.00000000
1576471505143698800,1576474292,406.82464600,0.00000000,1500.00000000,0.00000000,0.00000000,0.00000000
1576471505184718000,1576474292,406.87728882,0.00000000,1500.00000000,0.00000000,0.00000000,0.00000000
1576471505224904400,1576474292,406.92990112,0.00000000,1500.00000000,0.00000000,0.00000000,0.00000000
1576471505265713000,1576474293,406.98251343,0.00000000,1500.00000000,0.00000000,0.00000000,0.00000000
1576471505306775400,1576474293,407.03515625,0.00000000,1500.00000000,0.00000000,0.00000000,0.00000000
1576471505347492700,1576474293,407.08779907,0.00000000,1500.00000000,0.00000000,0.00000000,0.00000000
1576471505388657800,1576474293,407.14041138,0.00000000,1500.00000000,0.00000000,0.00000000,0.00000000
1576471505428736400,1576474293,407.19305420,0.00000000,1500.00000000,0.00000000,0.00000000,0.00000000
1576471505469778100,1576474293,407.24566650,0.00000000,1500.00000000,0.00000000,0.00000000,0.00000000
1576471505510582300,1576474293,407.29830933,0.00000000,1500.00000000,0.00000000,0.00000000,0.00000000
1576471505552076900,1576474293,407.35092163,0.00000000,1500.00000000,0.00000000,0.00000000,0.00000000
1576471505593814000,1576474293,407.41671753,0.00000000,1500.00000000,0.00000000,0.00000000,0.00000000
1576471505634844400,1576474293,407.46932983,0.00000000,1500.00000000,0.00000000,0.00000000,0.00000000
1576471505675735700,1576474293,407.52197266,0.00000000,1500.00000000,0.00000000,0.00000000,0.00000000
1576471505717018800,1576474293,407.57458496,0.00000000,1500.00000000,0.00000000,0.00000000,0.00000000
1576471505758448700,1576474293,407.62722778,0.00000000,1500.00000000,0.00000000,0.00000000,0.00000000
1576471505799623300,1576474293,407.67984009,0.00000000,1500.00000000,0.00000000,0.00000000,0.00000000
1576471505840243900,1576474293,407.73248291,0.00000000,1500.00000000,0.00000000,0.00000000,0.00000000
1576471505882309300,1576474293,407.78509521,0.00000000,1500.00000000,0.00000000,0.00000000,0.00000000
1576471505923953200,1576474293,407.85089111,0.00000000,1500.00000000,0.00000000,0.00000000,0.00000000
1576471505966063000,1576474293,407.90350342,0.00000000,1500.00000000,0.00000000,0.00000000,0.00000000
1576471506007859500,1576474293,407.95614624,0.00000000,1500.00000000,0.00000000,0.00000000,0.00000000
1576471506048642700,1576474293,408.00878906,0.00000000,1500.00000000,0.00000000,0.00000000,0.00000000
1576471506089604400,1576474293,408.06140137,0.00000000,1500.00000000,0.00000000,0.00000000,0.00000000
1576471506130551700,1576474293,408.11404419,0.00000000,1500.00000000,0.00000000,0.00000000,0.00000000
1576471506171457300,1576474293,408.16668701,0.00000000,1500.00000000,0.00000000,0.00000000,0.00000000
1576471506212503200,1576474293,408.21926880,0.00000000,1500.00000000,0.00000000,0.00000000,0.00000000
1576471506253529100,1576474294,408.28506470,0.00000000,1500.00000000,0.00000000,0.00000000,0.00000000
1576471506295071700,1576474294,408.33770752,0.00000000,1500.00000000,0.00000000,0.00000000,0.00000000
1576471506337400500,1576474294,408.39035034,0.00000000,1500.00000000,0.00000000,0.00000000,0.00000000
1576471506378994500,1576474294,408.44296265,0.00000000,1500.00000000,0.00000000,0.00000000,0.00000000
1576471506420697600,1576474294,408.49560547,0.00000000,1500.00000000,0.00000000,0.00000000,0.00000000
1576471506461569000,1576474294,408.54821777,0.00000000,1500.00000000,0.00000000,0.00000000,0.00000000
1576471506502580600,1576474294,408.60086060,0.00000000,1500.00000000,0.00000000,0.00000000,0.00000000
1576471506543548200,1576474294,408.66662598,0.00000000,1500.00000000,0.00000000,0.00000000,0.00000000
1576471506584576800,1576474294,408.71926880,0.00000000,1500.00000000,0.00000000,0.00000000,0.00000000
1576471506626092200,1576474294,408.77188110,0.00000000,1500.00000000,0.00000000,0.00000000,0.00000000
1576471506668067100,1576474294,408.82452393,0.00000000,1500.00000000,0.00000000,0.00000000,0.00000000
1576471506709917200,1576474294,408.87716675,0.00000000,1500.00000000,0.00000000,0.00000000,0.00000000
1576471506751991900,1576474294,408.92977905,0.00000000,1500.00000000,0.00000000,0.00000000,0.00000000
1576471506793638400,1576474294,408.99557495,0.00000000,1500.00000000,0.00000000,0.00000000,0.00000000
1576471506834682100,1576474294,409.04821777,0.00000000,1500.00000000,0.00000000,0.00000000,0.00000000
1576471506875503300,1576474294,409.10086060,0.00000000,1500.00000000,0.00000000,0.00000000,0.00000000
1576471506916499500,1576474294,409.15347290,0.00000000,1500.00000000,0.00000000,0.00000000,0.00000000
1576471506960070000,1576474294,409.20611572,0.00000000,1500.00000000,0.00000000,0.00000000,0.00000000
1576471507003275300,1576474294,409.25875854,0.00000000,1500.00000000,0.00000000,0.00000000,0.00000000
1576471507044714200,1576474294,409.31137085,0.00000000,1500.00000000,0.00000000,0.00000000,0.00000000
1576471507085616200,1576474294,409.37713623,0.00000000,1500.00000000,0.00000000,0.00000000,0.00000000
1576471507126519000,1576474294,409.42977905,0.00000000,1500.00000000,0.00000000,0.00000000,0.00000000
1576471507167487300,1576474294,409.48242188,0.00000000,1500.00000000,0.00000000,0.00000000,0.00000000
1576471507210243100,1576474294,409.53503418,0.00000000,1500.00000000,0.00000000,0.00000000,0.00000000
1576471507252181600,1576474295,409.58767700,0.00000000,1500.00000000,0.00000000,0.00000000,0.00000000
1576471507294033500,1576474295,409.65347290,0.00000000,1500.00000000,0.00000000,0.00000000,0.00000000
1576471507335811400,1576474295,409.70608521,0.00000000,1500.00000000,0.00000000,0.00000000,0.00000000
1576471507376625000,1576474295,409.75875854,0.00000000,1500.00000000,0.00000000,0.00000000,0.00000000
1576471507417647200,1576474295,409.81137085,0.00000000,1500.00000000,0.00000000,0.00000000,0.00000000
1576471507458702500,1576474295,409.86398315,0.00000000,1500.00000000,0.00000000,0.00000000,0.00000000
1576471507499330300,1576474295,409.91662598,0.00000000,1500.00000000,0.00000000,0.00000000,0.00000000
1576471507540441100,1576474295,409.96926880,0.00000000,1500.00000000,0.00000000,0.00000000,0.00000000
1576471507581325600,1576474295,410.02188110,0.00000000,1500.00000000,0.00000000,0.00000000,0.00000000
1576471507623864400,1576474295,410.07452393,0.00000000,1500.00000000,0.00000000,0.00000000,0.00000000
1576471507664955100,1576474295,410.14031982,0.00000000,1500.00000000,0.00000000,0.00000000,0.00000000
1576471507706958200,1576474295,410.19293213,0.00000000,1500.00000000,0.00000000,0.00000000,0.00000000
1576471507748675900,1576474295,410.24557495,0.00000000,1500.00000000,0.00000000,0.00000000,0.00000000
1576471507789604100,1576474295,410.29821777,0.00000000,1500.00000000,0.00000000,0.00000000,0.00000000
1576471507830481000,1576474295,410.35086060,0.00000000,1500.00000000,0.00000000,0.00000000,0.00000000
1576471507871469400,1576474295,410.40350342,0.00000000,1500.00000000,0.00000000,0.00000000,0.00000000
1576471507912342600,1576474295,410.45611572,0.00000000,1500.00000000,0.00000000,0.00000000,0.00000000
1576471507954361100,1576474295,410.52191162,0.00000000,1500.00000000,0.00000000,0.00000000,0.00000000
1576471507996251800,1576474295,410.57455444,0.00000000,1500.00000000,0.00000000,0.00000000,0.00000000
1576471508037933200,1576474295,410.62719727,0.00000000,1500.00000000,0.00000000,0.00000000,0.00000000
1576471508078722900,1576474295,410.67980957,0.00000000,1500.00000000,0.00000000,0.00000000,0.00000000
1576471508119740200,1576474295,410.73245239,0.00000000,1500.00000000,0.00000000,0.00000000,0.00000000
1576471508160613700,1576474295,410.78506470,0.00000000,1500.00000000,0.00000000,0.00000000,0.00000000
1576471508201657000,1576474295,410.83773804,0.00000000,1500.00000000,0.00000000,0.00000000,0.00000000
1576471508242538900,1576474295,410.89035034,0.00000000,1500.00000000,0.00000000,0.00000000,0.00000000
1576471508283434200,1576474296,410.95614624,0.00000000,1500.00000000,0.00000000,0.00000000,0.00000000
1576471508324091800,1576474296,411.00878906,0.00000000,1500.00000000,0.00000000,0.00000000,0.00000000
1576471508365750600,1576474296,411.06143188,0.00000000,1500.00000000,0.00000000,0.00000000,0.00000000
1576471508406614800,1576474296,411.11404419,0.00000000,1500.00000000,0.00000000,0.00000000,0.00000000
1576471508447629600,1576474296,411.16668701,0.00000000,1500.00000000,0.00000000,0.00000000,0.00000000
1576471508488590300,1576474296,411.21929932,0.00000000,1500.00000000,0.00000000,0.00000000,0.00000000
1576471508529480700,1576474296,411.27194214,0.00000000,1500.00000000,0.00000000,0.00000000,0.00000000
1576471508570433200,1576474296,411.32458496,0.00000000,1500.00000000,0.00000000,0.00000000,0.00000000
1576471508611299300,1576474296,411.37722778,0.00000000,1500.00000000,0.00000000,0.00000000,0.00000000
1576471508653066200,1576474296,411.42987061,0.00000000,1500.00000000,0.00000000,0.00000000,0.00000000
1576471508694808400,1576474296,411.49566650,0.00000000,1500.00000000,0.00000000,0.00000000,0.00000000
1576471508735809600,1576474296,411.54830933,0.00000000,1500.00000000,0.00000000,0.00000000,0.00000000
1576471508776658500,1576474296,411.60092163,0.00000000,1500.00000000,0.00000000,0.00000000,0.00000000
1576471508817823000,1576474296,411.65356445,0.00000000,1500.00000000,0.00000000,0.00000000,0.00000000
1576471508857721900,1576474296,411.70620728,0.00000000,1500.00000000,0.00000000,0.00000000,0.00000000
1576471508898774600,1576474296,411.75881958,0.00000000,1500.00000000,0.00000000,0.00000000,0.00000000
1576471508938603000,1576474296,411.81146240,0.00000000,1500.00000000,0.00000000,0.00000000,0.00000000
1576471508979652200,1576474296,411.86410522,0.00000000,1500.00000000,0.00000000,0.00000000,0.00000000
1576471509020330700,1576474296,411.91674805,0.00000000,1500.00000000,0.00000000,0.00000000,0.00000000
1576471509060619300,1576474296,411.96939087,0.00000000,1500.00000000,0.00000000,0.00000000,0.00000000
1576471509101606800,1576474296,412.02203369,0.00000000,1500.00000000,0.00000000,0.00000000,0.00000000
1576471509141628800,1576474296,412.07467651,0.00000000,1500.00000000,0.00000000,0.00000000,0.00000000
1576471509182716500,1576474296,412.12731934,0.00000000,1500.00000000,0.00000000,0.00000000,0.00000000
1576471509223297500,1576474296,412.19311523,0.00000000,1500.00000000,0.00000000,0.00000000,0.00000000
1576471509263676500,1576474297,412.24578857,0.00000000,1500.00000000,0.00000000,0.00000000,0.00000000
1576471509304626500,1576474297,412.29840088,0.00000000,1500.00000000,0.00000000,0.00000000,0.00000000
1576471509345570500,1576474297,412.35104370,0.00000000,1500.00000000,0.00000000,0.00000000,0.00000000
1576471509386475300,1576474297,412.40368652,0.00000000,1500.00000000,0.00000000,0.00000000,0.00000000
1576471509427490700,1576474297,412.45632935,0.00000000,1500.00000000,0.00000000,0.00000000,0.00000000
1576471509468504100,1576474297,412.50897217,0.00000000,1500.00000000,0.00000000,0.00000000,0.00000000
1576471509510123800,1576474297,412.56161499,0.00000000,1500.00000000,0.00000000,0.00000000,0.00000000
1576471509551899900,1576474297,412.61425781,0.00000000,1500.00000000,0.00000000,0.00000000,0.00000000
1576471509592822800,1576474297,412.68005371,0.00000000,1500.00000000,0.00000000,0.00000000,0.00000000
1576471509633924500,1576474297,412.73269653,0.00000000,1500.00000000,0.00000000,0.00000000,0.00000000
1576471509675694900,1576474297,412.78533936,0.00000000,1500.00000000,0.00000000,0.00000000,0.00000000
1576471509716581200,1576474297,412.83798218,0.00000000,1500.00000000,0.00000000,0.00000000,0.00000000
1576471509757667600,1576474297,412.89062500,0.00000000,1500.00000000,0.00000000,0.00000000,0.00000000
1576471509798488300,1576474297,412.94326782,0.00000000,1500.00000000,0.00000000,0.00000000,0.00000000
1576471509840154000,1576474297,412.99591064,0.00000000,1500.00000000,0.00000000,0.00000000,0.00000000
1576471509882338100,1576474297,413.04852295,0.00000000,1500.00000000,0.00000000,0.00000000,0.00000000
1576471509923968400,1576474297,413.11434937,0.00000000,1500.00000000,0.00000000,0.00000000,0.00000000
1576471509965842200,1576474297,413.16699219,0.00000000,1500.00000000,0.00000000,0.00000000,0.00000000
1576471510006656300,1576474297,413.21963501,0.00000000,1500.00000000,0.00000000,0.00000000,0.00000000
1576471510047700800,1576474297,413.27227783,0.00000000,1500.00000000,0.00000000,0.00000000,0.00000000
1576471510088615400,1576474297,413.32489014,0.00000000,1500.00000000,0.00000000,0.00000000,0.00000000
1576471510129423100,1576474297,413.37756348,0.00000000,1500.00000000,0.00000000,0.00000000,0.00000000
1576471510170264900,1576474297,413.43017578,0.00000000,1500.00000000,0.00000000,0.00000000,0.00000000
1576471510211441800,1576474297,413.48281860,0.00000000,1500.00000000,0.00000000,0.00000000,0.00000000
1576471510253343800,1576474298,413.53543091,0.00000000,1500.00000000,0.00000000,0.00000000,0.00000000
1576471510294917600,1576474298,413.60122681,0.00000000,1500.00000000,0.00000000,0.00000000,0.00000000
1576471510336980500,1576474298,413.65386963,0.00000000,1500.00000000,0.00000000,0.00000000,0.00000000
1576471510378902900,1576474298,413.70648193,0.00000000,1500.00000000,0.00000000,0.00000000,0.00000000
1576471510420760600,1576474298,413.75912476,0.00000000,1500.00000000,0.00000000,0.00000000,0.00000000
1576471510461607800,1576474298,413.81176758,0.00000000,1500.00000000,0.00000000,0.00000000,0.00000000
1576471510502465700,1576474298,413.86437988,0.00000000,1500.00000000,0.00000000,0.00000000,0.00000000
1576471510543581400,1576474298,413.93014526,0.00000000,1500.00000000,0.00000000,0.00000000,0.00000000
1576471510585250900,1576474298,413.98278809,0.00000000,1500.00000000,0.00000000,0.00000000,0.00000000
1576471510627081800,1576474298,414.03540039,0.00000000,1500.00000000,0.00000000,0.00000000,0.00000000
1576471510668937800,1576474298,414.08804321,0.00000000,1500.00000000,0.00000000,0.00000000,0.00000000
1576471510710692200,1576474298,414.14065552,0.00000000,1500.00000000,0.00000000,0.00000000,0.00000000
1576471510751617400,1576474298,414.19329834,0.00000000,1500.00000000,0.00000000,0.00000000,0.00000000
1576471510792508400,1576474298,414.24594116,0.00000000,1500.00000000,0.00000000,0.00000000,0.00000000
1576471510833359500,1576474298,414.31170654,0.00000000,1500.00000000,0.00000000,0.00000000,0.00000000
1576471510874549600,1576474298,414.36434937,0.00000000,1500.00000000,0.00000000,0.00000000,0.00000000
1576471510915407400,1576474298,414.41696167,0.00000000,1500.00000000,0.00000000,0.00000000,0.00000000
1576471510957571400,1576474298,414.46960449,0.00000000,1500.00000000,0.00000000,0.00000000,0.00000000
1576471510999596900,1576474298,414.52221680,0.00000000,1500.00000000,0.00000000,0.00000000,0.00000000
1576471511040785500,1576474298,414.57485962,0.00000000,1500.00000000,0.00000000,0.00000000,0.00000000
1576471511080853100,1576474298,414.62747192,0.00000000,1500.00000000,0.00000000,0.00000000,0.00000000
1576471511121643500,1576474298,414.68011475,0.00000000,1500.00000000,0.00000000,0.00000000,0.00000000
1576471511162443100,1576474298,414.73275757,0.00000000,1500.00000000,0.00000000,0.00000000,0.00000000
1576471511203448900,1576474298,414.79852295,0.00000000,1500.00000000,0.00000000,0.00000000,0.00000000
1576471511244282700,1576474299,414.85113525,0.00000000,1500.00000000,0.00000000,0.00000000,0.00000000
1576471511285553400,1576474299,414.90377808,0.00000000,1500.00000000,0.00000000,0.00000000,0.00000000
1576471511326960900,1576474299,414.95639038,0.00000000,1500.00000000,0.00000000,0.00000000,0.00000000
1576471511368944900,1576474299,415.00900269,0.00000000,1500.00000000,0.00000000,0.00000000,0.00000000
1576471511410875100,1576474299,415.06161499,0.00000000,1500.00000000,0.00000000,0.00000000,0.00000000
1576471511452007500,1576474299,415.11425781,0.00000000,1500.00000000,0.00000000,0.00000000,0.00000000
1576471511493775400,1576474299,415.16690063,0.00000000,1500.00000000,0.00000000,0.00000000,0.00000000
1576471511534429300,1576474299,415.23266602,0.00000000,1500.00000000,0.00000000,0.00000000,0.00000000
1576471511575529800,1576474299,415.28527832,0.00000000,1500.00000000,0.00000000,0.00000000,0.00000000
1576471511616315200,1576474299,415.33789063,0.00000000,1500.00000000,0.00000000,0.00000000,0.00000000
1576471511656722500,1576474299,415.39053345,0.00000000,1500.00000000,0.00000000,0.00000000,0.00000000
1576471511697821600,1576474299,415.44314575,0.00000000,1500.00000000,0.00000000,0.00000000,0.00000000
1576471511738597100,1576474299,415.49578857,0.00000000,1500.00000000,0.00000000,0.00000000,0.00000000
1576471511780213800,1576474299,415.54840088,0.00000000,1500.00000000,0.00000000,0.00000000,0.00000000
1576471511821291600,1576474299,415.60101318,0.00000000,1500.00000000,0.00000000,0.00000000,0.00000000
1576471511862171500,1576474299,415.65365601,0.00000000,1500.00000000,0.00000000,0.00000000,0.00000000
1576471511904118800,1576474299,415.71942139,0.00000000,1500.00000000,0.00000000,0.00000000,0.00000000
1576471511945854000,1576474299,415.77206421,0.00000000,1500.00000000,0.00000000,0.00000000,0.00000000
1576471511985508800,1576474299,415.82467651,0.00000000,1500.00000000,0.00000000,0.00000000,0.00000000
1576471512026513800,1576474299,415.87728882,0.00000000,1500.00000000,0.00000000,0.00000000,0.00000000
1576471512067603100,1576474299,415.92993164,0.00000000,1500.00000000,0.00000000,0.00000000,0.00000000
1576471512108900900,1576474299,415.98254395,0.00000000,1500.00000000,0.00000000,0.00000000,0.00000000
1576471512150724900,1576474299,416.03515625,0.00000000,1500.00000000,0.00000000,0.00000000,0.00000000
1576471512191970300,1576474299,416.08779907,0.00000000,1500.00000000,0.00000000,0.00000000,0.00000000
1576471512233832500,1576474299,416.14041138,0.00000000,1500.00000000,0.00000000,0.00000000,0.00000000
1576471512274537400,1576474300,416.20620728,0.00000000,1500.00000000,0.00000000,0.00000000,0.00000000
1576471512315485800,1576474300,416.25881958,0.00000000,1500.00000000,0.00000000,0.00000000,0.00000000
1576471512356635700,1576474300,416.31146240,0.00000000,1500.00000000,0.00000000,0.00000000,0.00000000
1576471512397436000,1576474300,416.36410522,0.00000000,1500.00000000,0.00000000,0.00000000,0.00000000
1576471512438152800,1576474300,416.41668701,0.00000000,1500.00000000,0.00000000,0.00000000,0.00000000
1576471512480011000,1576474300,416.46932983,0.00000000,1500.00000000,0.00000000,0.00000000,0.00000000
1576471512521870900,1576474300,416.52194214,0.00000000,1500.00000000,0.00000000,0.00000000,0.00000000
1576471512562813200,1576474300,416.58773804,0.00000000,1500.00000000,0.00000000,0.00000000,0.00000000
1576471512603628800,1576474300,416.64038086,0.00000000,1500.00000000,0.00000000,0.00000000,0.00000000
1576471512644631400,1576474300,416.69299316,0.00000000,1500.00000000,0.00000000,0.00000000,0.00000000
1576471512685507000,1576474300,416.74560547,0.00000000,1500.00000000,0.00000000,0.00000000,0.00000000
1576471512726384500,1576474300,416.79824829,0.00000000,1500.00000000,0.00000000,0.00000000,0.00000000
1576471512768017500,1576474300,416.85086060,0.00000000,1500.00000000,0.00000000,0.00000000,0.00000000
1576471512809269000,1576474300,416.90350342,0.00000000,1500.00000000,0.00000000,0.00000000,0.00000000
1576471512851442600,1576474300,416.95611572,0.00000000,1500.00000000,0.00000000,0.00000000,0.00000000
1576471512893014200,1576474300,417.00875854,0.00000000,1500.00000000,0.00000000,0.00000000,0.00000000
1576471512935002900,1576474300,417.07452393,0.00000000,1500.00000000,0.00000000,0.00000000,0.00000000
1576471512976719700,1576474300,417.12716675,0.00000000,1500.00000000,0.00000000,0.00000000,0.00000000
1576471513017937800,1576474300,417.17977905,0.00000000,1500.00000000,0.00000000,0.00000000,0.00000000
1576471513059560500,1576474300,417.23242188,0.00000000,1500.00000000,0.00000000,0.00000000,0.00000000
1576471513100476700,1576474300,417.28503418,0.00000000,1500.00000000,0.00000000,0.00000000,0.00000000
1576471513140991600,1576474300,417.33767700,0.00000000,1500.00000000,0.00000000,0.00000000,0.00000000
1576471513182900900,1576474300,417.39031982,0.00000000,1500.00000000,0.00000000,0.00000000,0.00000000
1576471513224837300,1576474300,417.45608521,0.00000000,1500.00000000,0.00000000,0.00000000,0.00000000
1576471513265858600,1576474301,417.50869751,0.00000000,1500.00000000,0.00000000,0.00000000,0.00000000
1576471513306717000,1576474301,417.56134033,0.00000000,1500.00000000,0.00000000,0.00000000,0.00000000
1576471513347768400,1576474301,417.61398315,0.00000000,1500.00000000,0.00000000,0.00000000,0.00000000
1576471513388386700,1576474301,417.66659546,0.00000000,1500.00000000,0.00000000,0.00000000,0.00000000
1576471513429658200,1576474301,417.71923828,0.00000000,1500.00000000,0.00000000,0.00000000,0.00000000
1576471513469642000,1576474301,417.77185059,0.00000000,1500.00000000,0.00000000,0.00000000,0.00000000
1576471513510681800,1576474301,417.82446289,0.00000000,1500.00000000,0.00000000,0.00000000,0.00000000
1576471513551728000,1576474301,417.87710571,0.00000000,1500.00000000,0.00000000,0.00000000,0.00000000
1576471513592058500,1576474301,417.92974854,0.00000000,1500.00000000,0.00000000,0.00000000,0.00000000
1576471513634034800,1576474301,417.99551392,0.00000000,1500.00000000,0.00000000,0.00000000,0.00000000
1576471513674718400,1576474301,418.04815674,0.00000000,1500.00000000,0.00000000,0.00000000,0.00000000
1576471513715789900,1576474301,418.10076904,0.00000000,1500.00000000,0.00000000,0.00000000,0.00000000
1576471513756736400,1576474301,418.15341187,0.00000000,1500.00000000,0.00000000,0.00000000,0.00000000
1576471513798209100,1576474301,418.20605469,0.00000000,1500.00000000,0.00000000,0.00000000,0.00000000
1576471513840027800,1576474301,418.25866699,0.00000000,1500.00000000,0.00000000,0.00000000,0.00000000
1576471513881761800,1576474301,418.31130981,0.00000000,1500.00000000,0.00000000,0.00000000,0.00000000
1576471513922690200,1576474301,418.37707520,0.00000000,1500.00000000,0.00000000,0.00000000,0.00000000
1576471513963594500,1576474301,418.42971802,0.00000000,1500.00000000,0.00000000,0.00000000,0.00000000
1576471514004502300,1576474301,418.48233032,0.00000000,1500.00000000,0.00000000,0.00000000,0.00000000
1576471514045397200,1576474301,418.53497314,0.00000000,1500.00000000,0.00000000,0.00000000,0.00000000
1576471514086454300,1576474301,418.58761597,0.00000000,1500.00000000,0.00000000,0.00000000,0.00000000
1576471514127387700,1576474301,418.64022827,0.00000000,1500.00000000,0.00000000,0.00000000,0.00000000
1576471514169332000,1576474301,418.69284058,0.00000000,1500.00000000,0.00000000,0.00000000,0.00000000
1576471514211059700,1576474301,418.74548340,0.00000000,1500.00000000,0.00000000,0.00000000,0.00000000
1576471514252800200,1576474302,418.79809570,0.00000000,1500.00000000,0.00000000,0.00000000,0.00000000
1576471514293764100,1576474302,418.86389160,0.00000000,1500.00000000,0.00000000,0.00000000,0.00000000
1576471514334814700,1576474302,418.91653442,0.00000000,1500.00000000,0.00000000,0.00000000,0.00000000
1576471514375676200,1576474302,418.96917725,0.00000000,1500.00000000,0.00000000,0.00000000,0.00000000
1576471514416531600,1576474302,419.02182007,0.00000000,1500.00000000,0.00000000,0.00000000,0.00000000
1576471514457517400,1576474302,419.07443237,0.00000000,1500.00000000,0.00000000,0.00000000,0.00000000
1576471514498328500,1576474302,419.12704468,0.00000000,1500.00000000,0.00000000,0.00000000,0.00000000
1576471514539353500,1576474302,419.17968750,0.00000000,1500.00000000,0.00000000,0.00000000,0.00000000
1576471514581013800,1576474302,419.23233032,0.00000000,1500.00000000,0.00000000,0.00000000,0.00000000
1576471514623066600,1576474302,419.28497314,0.00000000,1500.00000000,0.00000000,0.00000000,0.00000000
1576471514664907900,1576474302,419.35073853,0.00000000,1500.00000000,0.00000000,0.00000000,0.00000000
1576471514706506100,1576474302,419.40338135,0.00000000,1500.00000000,0.00000000,0.00000000,0.00000000
1576471514747496900,1576474302,419.45602417,0.00000000,1500.00000000,0.00000000,0.00000000,0.00000000
1576471514788470500,1576474302,419.50863647,0.00000000,1500.00000000,0.00000000,0.00000000,0.00000000
1576471514829590400,1576474302,419.56127930,0.00000000,1500.00000000,0.00000000,0.00000000,0.00000000
1576471514870275300,1576474302,419.61389160,0.00000000,1500.00000000,0.00000000,0.00000000,0.00000000
1576471514911782400,1576474302,419.66653442,0.00000000,1500.00000000,0.00000000,0.00000000,0.00000000
1576471514952876000,1576474302,419.71914673,0.00000000,1500.00000000,0.00000000,0.00000000,0.00000000
1576471514993706600,1576474302,419.78497314,0.00000000,1500.00000000,0.00000000,0.00000000,0.00000000
1576471515034380100,1576474302,419.83758545,0.00000000,1500.00000000,0.00000000,0.00000000,0.00000000
1576471515075464600,1576474302,419.89019775,0.00000000,1500.00000000,0.00000000,0.00000000,0.00000000
1576471515116338600,1576474302,419.94287109,0.00000000,1500.00000000,0.00000000,0.00000000,0.00000000
1576471515158239900,1576474302,419.99548340,0.00000000,1500.00000000,0.00000000,0.00000000,0.00000000
1576471515200133700,1576474302,420.04812622,0.00000000,1500.00000000,0.00000000,0.00000000,0.00000000
1576471515241775700,1576474302,420.10073853,0.00000000,1500.00000000,0.00000000,0.00000000,0.00000000
1576471515282600300,1576474303,420.15338135,0.00000000,1500.00000000,0.00000000,0.00000000,0.00000000
1576471515323684300,1576474303,420.21917725,0.00000000,1500.00000000,0.00000000,0.00000000,0.00000000
1576471515364459300,1576474303,420.27178955,0.00000000,1500.00000000,0.00000000,0.00000000,0.00000000
1576471515405578600,1576474303,420.32443237,0.00000000,1500.00000000,0.00000000,0.00000000,0.00000000
1576471515446386600,1576474303,420.37707520,0.00000000,1500.00000000,0.00000000,0.00000000,0.00000000
1576471515487361200,1576474303,420.42971802,0.00000000,1500.00000000,0.00000000,0.00000000,0.00000000
1576471515528330200,1576474303,420.48233032,0.00000000,1500.00000000,0.00000000,0.00000000,0.00000000
1576471515569943300,1576474303,420.53497314,0.00000000,1500.00000000,0.00000000,0.00000000,0.00000000
1576471515611791400,1576474303,420.58758545,0.00000000,1500.00000000,0.00000000,0.00000000,0.00000000
1576471515652760200,1576474303,420.64025879,0.00000000,1500.00000000,0.00000000,0.00000000,0.00000000
1576471515693672900,1576474303,420.70602417,0.00000000,1500.00000000,0.00000000,0.00000000,0.00000000
1576471515737296500,1576474303,420.75866699,0.00000000,1500.00000000,0.00000000,0.00000000,0.00000000
1576471515778396700,1576474303,420.81127930,0.00000000,1500.00000000,0.00000000,0.00000000,0.00000000
1576471515819341500,1576474303,420.86392212,0.00000000,1500.00000000,0.00000000,0.00000000,0.00000000
1576471515860160100,1576474303,420.91656494,0.00000000,1500.00000000,0.00000000,0.00000000,0.00000000
1576471515902094100,1576474303,420.96920776,0.00000000,1500.00000000,0.00000000,0.00000000,0.00000000
1576471515944135200,1576474303,421.03497314,0.00000000,1500.00000000,0.00000000,0.00000000,0.00000000
1576471515985088700,1576474303,421.08764648,0.00000000,1500.00000000,0.00000000,0.00000000,0.00000000
1576471516026919700,1576474303,421.14025879,0.00000000,1500.00000000,0.00000000,0.00000000,0.00000000
1576471516068471400,1576474303,421.19290161,0.00000000,1500.00000000,0.00000000,0.00000000,0.00000000
1576471516109441400,1576474303,421.24554443,0.00000000,1500.00000000,0.00000000,0.00000000,0.00000000
1576471516150571900,1576474303,421.29815674,0.00000000,1500.00000000,0.00000000,0.00000000,0.00000000
1576471516191900200,1576474303,421.35079956,0.00000000,1500.00000000,0.00000000,0.00000000,0.00000000
1576471516233358200,1576474303,421.40344238,0.00000000,1500.00000000,0.00000000,0.00000000,0.00000000
1576471516274999800,1576474304,421.46923828,0.00000000,1500.00000000,0.00000000,0.00000000,0.00000000
1576471516317486800,1576474304,421.52188110,0.00000000,1500.00000000,0.00000000,0.00000000,0.00000000
1576471516358786400,1576474304,421.57452393,0.00000000,1500.00000000,0.00000000,0.00000000,0.00000000
1576471516399752100,1576474304,421.62713623,0.00000000,1500.00000000,0.00000000,0.00000000,0.00000000
1576471516440734300,1576474304,421.67977905,0.00000000,1500.00000000,0.00000000,0.00000000,0.00000000
1576471516481603300,1576474304,421.73242188,0.00000000,1500.00000000,0.00000000,0.00000000,0.00000000
1576471516522462100,1576474304,421.78506470,0.00000000,1500.00000000,0.00000000,0.00000000,0.00000000
1576471516563479900,1576474304,421.85086060,0.00000000,1500.00000000,0.00000000,0.00000000,0.00000000
1576471516603627800,1576474304,421.90350342,0.00000000,1500.00000000,0.00000000,0.00000000,0.00000000
1576471516644273800,1576474304,421.95611572,0.00000000,1500.00000000,0.00000000,0.00000000,0.00000000
1576471516685657000,1576474304,422.00878906,0.00000000,1500.00000000,0.00000000,0.00000000,0.00000000
1576471516726128900,1576474304,422.06143188,0.00000000,1500.00000000,0.00000000,0.00000000,0.00000000
1576471516768666400,1576474304,422.11404419,0.00000000,1500.00000000,0.00000000,0.00000000,0.00000000
1576471516809792400,1576474304,422.16671753,0.00000000,1500.00000000,0.00000000,0.00000000,0.00000000
1576471516850766800,1576474304,422.21936035,0.00000000,1500.00000000,0.00000000,0.00000000,0.00000000
1576471516891825200,1576474304,422.27197266,0.00000000,1500.00000000,0.00000000,0.00000000,0.00000000
1576471516932659300,1576474304,422.32461548,0.00000000,1500.00000000,0.00000000,0.00000000,0.00000000
1576471516973472500,1576474304,422.39041138,0.00000000,1500.00000000,0.00000000,0.00000000,0.00000000
1576471517014610300,1576474304,422.44308472,0.00000000,1500.00000000,0.00000000,0.00000000,0.00000000
1576471517055572500,1576474304,422.49572754,0.00000000,1500.00000000,0.00000000,0.00000000,0.00000000
1576471517096246500,1576474304,422.54833984,0.00000000,1500.00000000,0.00000000,0.00000000,0.00000000
1576471517137987600,1576474304,422.60101318,0.00000000,1500.00000000,0.00000000,0.00000000,0.00000000
1576471517180145900,1576474304,422.65362549,0.00000000,1500.00000000,0.00000000,0.00000000,0.00000000
1576471517221817000,1576474304,422.70629883,0.00000000,1500.00000000,0.00000000,0.00000000,0.00000000
1576471517262885200,1576474305,422.75891113,0.00000000,1500.00000000,0.00000000,0.00000000,0.00000000
1576471517303582400,1576474305,422.82470703,0.00000000,1500.00000000,0.00000000,0.00000000,0.00000000
1576471517344503200,1576474305,422.87734985,0.00000000,1500.00000000,0.00000000,0.00000000,0.00000000
1576471517385502700,1576474305,422.92999268,0.00000000,1500.00000000,0.00000000,0.00000000,0.00000000
1576471517426343400,1576474305,422.98266602,0.00000000,1500.00000000,0.00000000,0.00000000,0.00000000
1576471517467530600,1576474305,423.03527832,0.00000000,1500.00000000,0.00000000,0.00000000,0.00000000
1576471517509009900,1576474305,423.08792114,0.00000000,1500.00000000,0.00000000,0.00000000,0.00000000
1576471517551941400,1576474305,423.14056396,0.00000000,1500.00000000,0.00000000,0.00000000,0.00000000
1576471517593881500,1576474305,423.19317627,0.00000000,1500.00000000,0.00000000,0.00000000,0.00000000
1576471517634629800,1576474305,423.25900269,0.00000000,1500.00000000,0.00000000,0.00000000,0.00000000
1576471517675883100,1576474305,423.31164551,0.00000000,1500.00000000,0.00000000,0.00000000,0.00000000
1576471517716489700,1576474305,423.36428833,0.00000000,1500.00000000,0.00000000,0.00000000,0.00000000
1576471517757513600,1576474305,423.41693115,0.00000000,1500.00000000,0.00000000,0.00000000,0.00000000
1576471517798419500,1576474305,423.46954346,0.00000000,1500.00000000,0.00000000,0.00000000,0.00000000
1576471517839523900,1576474305,423.52218628,0.00000000,1500.00000000,0.00000000,0.00000000,0.00000000
1576471517881053500,1576474305,423.57479858,0.00000000,1500.00000000,0.00000000,0.00000000,0.00000000
1576471517922675600,1576474305,423.62744141,0.00000000,1500.00000000,0.00000000,0.00000000,0.00000000
1576471517963545300,1576474305,423.69323730,0.00000000,1500.00000000,0.00000000,0.00000000,0.00000000
1576471518004166400,1576474305,423.74588013,0.00000000,1500.00000000,0.00000000,0.00000000,0.00000000
1576471518045793100,1576474305,423.79849243,0.00000000,1500.00000000,0.00000000,0.00000000,0.00000000
1576471518086822500,1576474305,423.85113525,0.00000000,1500.00000000,0.00000000,0.00000000,0.00000000
1576471518127618600,1576474305,423.90374756,0.00000000,1500.00000000,0.00000000,0.00000000,0.00000000
1576471518168767900,1576474305,423.95639038,0.00000000,1500.00000000,0.00000000,0.00000000,0.00000000
1576471518209356200,1576474305,424.00900269,0.00000000,1500.00000000,0.00000000,0.00000000,0.00000000
1576471518251002600,1576474306,424.06161499,0.00000000,1500.00000000,0.00000000,0.00000000,0.00000000
1576471518292296600,1576474306,424.11428833,0.00000000,1500.00000000,0.00000000,0.00000000,0.00000000
1576471518334150000,1576474306,424.18005371,0.00000000,1500.00000000,0.00000000,0.00000000,0.00000000
1576471518375891900,1576474306,424.23269653,0.00000000,1500.00000000,0.00000000,0.00000000,0.00000000
1576471518418156100,1576474306,424.28530884,0.00000000,1500.00000000,0.00000000,0.00000000,0.00000000
1576471518459732600,1576474306,424.33795166,0.00000000,1500.00000000,0.00000000,0.00000000,0.00000000
1576471518500654000,1576474306,424.39056396,0.00000000,1500.00000000,0.00000000,0.00000000,0.00000000
1576471518541522700,1576474306,424.44317627,0.00000000,1500.00000000,0.00000000,0.00000000,0.00000000
1576471518582382200,1576474306,424.49581909,0.00000000,1500.00000000,0.00000000,0.00000000,0.00000000
1576471518622341300,1576474306,424.56158447,0.00000000,1500.00000000,0.00000000,0.00000000,0.00000000
1576471518663395200,1576474306,424.61422729,0.00000000,1500.00000000,0.00000000,0.00000000,0.00000000
1576471518705095600,1576474306,424.66687012,0.00000000,1500.00000000,0.00000000,0.00000000,0.00000000
1576471518747182300,1576474306,424.71948242,0.00000000,1500.00000000,0.00000000,0.00000000,0.00000000
1576471518788887900,1576474306,424.77212524,0.00000000,1500.00000000,0.00000000,0.00000000,0.00000000
1576471518829879500,1576474306,424.82470703,0.00000000,1500.00000000,0.00000000,0.00000000,0.00000000
1576471518870647200,1576474306,424.87734985,0.00000000,1500.00000000,0.00000000,0.00000000,0.00000000
1576471518911464300,1576474306,424.92999268,0.00000000,1500.00000000,0.00000000,0.00000000,0.00000000
1576471518952621400,1576474306,424.98260498,0.00000000,1500.00000000,0.00000000,0.00000000,0.00000000
1576471518993444000,1576474306,425.04840088,0.00000000,1500.00000000,0.00000000,0.00000000,0.00000000
1576471519034471800,1576474306,425.10101318,0.00000000,1500.00000000,0.00000000,0.00000000,0.00000000
1576471519076995600,1576474306,425.15362549,0.00000000,1500.00000000,0.00000000,0.00000000,0.00000000
1576471519119177200,1576474306,425.20626831,0.00000000,1500.00000000,0.00000000,0.00000000,0.00000000
1576471519160875500,1576474306,425.25888062,0.00000000,1500.00000000,0.00000000,0.00000000,0.00000000
1576471519201797900,1576474306,425.31149292,0.00000000,1500.00000000,0.00000000,0.00000000,0.00000000
1576471519242640500,1576474306,425.36410522,0.00000000,1500.00000000,0.00000000,0.00000000,0.00000000
1576471519284127500,1576474307,425.42990112,0.00000000,1500.00000000,0.00000000,0.00000000,0.00000000
1576471519325374400,1576474307,425.48254395,0.00000000,1500.00000000,0.00000000,0.00000000,0.00000000
1576471519366927300,1576474307,425.53512573,0.00000000,1500.00000000,0.00000000,0.00000000,0.00000000
1576471519407904400,1576474307,425.58776855,0.00000000,1500.00000000,0.00000000,0.00000000,0.00000000
1576471519449031000,1576474307,425.64038086,0.00000000,1500.00000000,0.00000000,0.00000000,0.00000000
1576471519490709800,1576474307,425.69302368,0.00000000,1500.00000000,0.00000000,0.00000000,0.00000000
1576471519531603300,1576474307,425.74563599,0.00000000,1500.00000000,0.00000000,0.00000000,0.00000000
1576471519572509500,1576474307,425.79824829,0.00000000,1500.00000000,0.00000000,0.00000000,0.00000000
1576471519613429800,1576474307,425.86407471,0.00000000,1500.00000000,0.00000000,0.00000000,0.00000000
1576471519654280900,1576474307,425.91665649,0.00000000,1500.00000000,0.00000000,0.00000000,0.00000000
1576471519695426700,1576474307,425.96929932,0.00000000,1500.00000000,0.00000000,0.00000000,0.00000000
1576471519737293100,1576474307,426.02194214,0.00000000,1500.00000000,0.00000000,0.00000000,0.00000000
1576471519778923200,1576474307,426.07452393,0.00000000,1500.00000000,0.00000000,0.00000000,0.00000000
1576471519820978400,1576474307,426.12716675,0.00000000,1500.00000000,0.00000000,0.00000000,0.00000000
1576471519862762900,1576474307,426.17977905,0.00000000,1500.00000000,0.00000000,0.00000000,0.00000000
1576471519903736500,1576474307,426.24557495,0.00000000,1500.00000000,0.00000000,0.00000000,0.00000000
1576471519944699900,1576474307,426.29818726,0.00000000,1500.00000000,0.00000000,0.00000000,0.00000000
1576471519984806500,1576474307,426.35083008,0.00000000,1500.00000000,0.00000000,0.00000000,0.00000000
1576471520025541600,1576474307,426.40344238,0.00000000,1500.00000000,0.00000000,0.00000000,0.00000000
1576471520066503600,1576474307,426.45608521,0.00000000,1500.00000000,0.00000000,0.00000000,0.00000000
1576471520108163800,1576474307,426.50869751,0.00000000,1500.00000000,0.00000000,0.00000000,0.00000000
1576471520150362800,1576474307,426.56130981,0.00000000,1500.00000000,0.00000000,0.00000000,0.00000000
1576471520191749700,1576474307,426.61395264,0.00000000,1500.00000000,0.00000000,0.00000000,0.00000000
1576471520232688400,1576474307,426.66659546,0.00000000,1500.00000000,0.00000000,0.00000000,0.00000000
1576471520273594700,1576474308,426.73236084,0.00000000,1500.00000000,0.00000000,0.00000000,0.00000000
1576471520314473500,1576474308,426.78500366,0.00000000,1500.00000000,0.00000000,0.00000000,0.00000000
1576471520355353500,1576474308,426.83761597,0.00000000,1500.00000000,0.00000000,0.00000000,0.00000000
1576471520396340700,1576474308,426.89025879,0.00000000,1500.00000000,0.00000000,0.00000000,0.00000000
1576471520437433000,1576474308,426.94287109,0.00000000,1500.00000000,0.00000000,0.00000000,0.00000000
1576471520479128100,1576474308,426.99548340,0.00000000,1500.00000000,0.00000000,0.00000000,0.00000000
1576471520520922200,1576474308,427.04812622,0.00000000,1500.00000000,0.00000000,0.00000000,0.00000000
1576471520561872300,1576474308,427.10076904,0.00000000,1500.00000000,0.00000000,0.00000000,0.00000000
1576471520602601100,1576474308,427.15335083,0.00000000,1500.00000000,0.00000000,0.00000000,0.00000000
1576471520642963100,1576474308,427.21917725,0.00000000,1500.00000000,0.00000000,0.00000000,0.00000000
1576471520685440200,1576474308,427.27178955,0.00000000,1500.00000000,0.00000000,0.00000000,0.00000000
1576471520726692100,1576474308,427.32443237,0.00000000,1500.00000000,0.00000000,0.00000000,0.00000000
1576471520767592100,1576474308,427.37704468,0.00000000,1500.00000000,0.00000000,0.00000000,0.00000000
1576471520808645400,1576474308,427.42968750,0.00000000,1500.00000000,0.00000000,0.00000000,0.00000000
1576471520849582100,1576474308,427.48229980,0.00000000,1500.00000000,0.00000000,0.00000000,0.00000000
1576471520890402200,1576474308,427.53491211,0.00000000,1500.00000000,0.00000000,0.00000000,0.00000000
1576471520930793400,1576474308,427.58755493,0.00000000,1500.00000000,0.00000000,0.00000000,0.00000000
1576471520971696000,1576474308,427.64019775,0.00000000,1500.00000000,0.00000000,0.00000000,0.00000000
1576471521012537100,1576474308,427.69281006,0.00000000,1500.00000000,0.00000000,0.00000000,0.00000000
1576471521054105000,1576474308,427.75857544,0.00000000,1500.00000000,0.00000000,0.00000000,0.00000000
1576471521096049900,1576474308,427.81124878,0.00000000,1500.00000000,0.00000000,0.00000000,0.00000000
1576471521137961700,1576474308,427.86386108,0.00000000,1500.00000000,0.00000000,0.00000000,0.00000000
1576471521179861800,1576474308,427.91650391,0.00000000,1500.00000000,0.00000000,0.00000000,0.00000000
1576471521220641600,1576474308,427.96911621,0.00000000,1500.00000000,0.00000000,0.00000000,0.00000000
1576471521261981800,1576474309,428.02172852,0.00000000,1500.00000000,0.00000000,0.00000000,0.00000000
1576471521303575600,1576474309,428.07437134,0.00000000,1500.00000000,0.00000000,0.00000000,0.00000000
1576471521344565700,1576474309,428.14016724,0.00000000,1500.00000000,0.00000000,0.00000000,0.00000000
1576471521385351700,1576474309,428.19277954,0.00000000,1500.00000000,0.00000000,0.00000000,0.00000000
1576471521428228700,1576474309,428.24542236,0.00000000,1500.00000000,0.00000000,0.00000000,0.00000000
1576471521470277000,1576474309,428.29803467,0.00000000,1500.00000000,0.00000000,0.00000000,0.00000000
1576471521511952300,1576474309,428.35067749,0.00000000,1500.00000000,0.00000000,0.00000000,0.00000000
1576471521553729600,1576474309,428.41644287,0.00000000,1500.00000000,0.00000000,0.00000000,0.00000000
1576471521594748000,1576474309,428.46908569,0.00000000,1500.00000000,0.00000000,0.00000000,0.00000000
1576471521635873000,1576474309,428.52169800,0.00000000,1500.00000000,0.00000000,0.00000000,0.00000000
1576471521676729300,1576474309,428.57434082,0.00000000,1500.00000000,0.00000000,0.00000000,0.00000000
1576471521717440300,1576474309,428.62698364,0.00000000,1500.00000000,0.00000000,0.00000000,0.00000000
1576471521758343800,1576474309,428.67959595,0.00000000,1500.00000000,0.00000000,0.00000000,0.00000000
1576471521799331000,1576474309,428.73220825,0.00000000,1500.00000000,0.00000000,0.00000000,0.00000000
1576471521841043500,1576474309,428.78488159,0.00000000,1500.00000000,0.00000000,0.00000000,0.00000000
1576471521882922100,1576474309,428.83749390,0.00000000,1500.00000000,0.00000000,0.00000000,0.00000000
1576471521924663800,1576474309,428.90328979,0.00000000,1500.00000000,0.00000000,0.00000000,0.00000000
1576471521965709400,1576474309,428.95590210,0.00000000,1500.00000000,0.00000000,0.00000000,0.00000000
1576471522006638800,1576474309,429.00854492,0.00000000,1500.00000000,0.00000000,0.00000000,0.00000000
1576471522049289800,1576474309,429.06115723,0.00000000,1500.00000000,0.00000000,0.00000000,0.00000000
1576471522090355200,1576474309,429.11380005,0.00000000,1500.00000000,0.00000000,0.00000000,0.00000000
1576471522130849500,1576474309,429.16641235,0.00000000,1500.00000000,0.00000000,0.00000000,0.00000000
1576471522171797100,1576474309,429.21908569,0.00000000,1500.00000000,0.00000000,0.00000000,0.00000000
1576471522213320200,1576474309,429.27169800,0.00000000,1500.00000000,0.00000000,0.00000000,0.00000000
1576471522254669200,1576474310,429.33749390,0.00000000,1500.00000000,0.00000000,0.00000000,0.00000000
1576471522295649100,1576474310,429.39013672,0.00000000,1500.00000000,0.00000000,0.00000000,0.00000000
1576471522336695800,1576474310,429.44274902,0.00000000,1500.00000000,0.00000000,0.00000000,0.00000000
1576471522377528000,1576474310,429.49536133,0.00000000,1500.00000000,0.00000000,0.00000000,0.00000000
1576471522418129500,1576474310,429.54800415,0.00000000,1500.00000000,0.00000000,0.00000000,0.00000000
1576471522459861000,1576474310,429.60064697,0.00000000,1500.00000000,0.00000000,0.00000000,0.00000000
1576471522500677600,1576474310,429.65325928,0.00000000,1500.00000000,0.00000000,0.00000000,0.00000000
1576471522541474900,1576474310,429.70590210,0.00000000,1500.00000000,0.00000000,0.00000000,0.00000000
1576471522582275000,1576474310,429.75854492,0.00000000,1500.00000000,0.00000000,0.00000000,0.00000000
1576471522623408700,1576474310,429.82434082,0.00000000,1500.00000000,0.00000000,0.00000000,0.00000000
1576471522665060100,1576474310,429.87695313,0.00000000,1500.00000000,0.00000000,0.00000000,0.00000000
1576471522707289000,1576474310,429.92959595,0.00000000,1500.00000000,0.00000000,0.00000000,0.00000000
1576471522749297400,1576474310,429.98223877,0.00000000,1500.00000000,0.00000000,0.00000000,0.00000000
1576471522790898600,1576474310,430.03488159,0.00000000,1500.00000000,0.00000000,0.00000000,0.00000000
1576471522832781700,1576474310,430.08749390,0.00000000,1500.00000000,0.00000000,0.00000000,0.00000000
1576471522873667500,1576474310,430.15328979,0.00000000,1500.00000000,0.00000000,0.00000000,0.00000000
1576471522914607700,1576474310,430.20590210,0.00000000,1500.00000000,0.00000000,0.00000000,0.00000000
1576471522955461900,1576474310,430.25857544,0.00000000,1500.00000000,0.00000000,0.00000000,0.00000000
1576471522996603100,1576474310,430.31118774,0.00000000,1500.00000000,0.00000000,0.00000000,0.00000000
1576471523037831100,1576474310,430.36383057,0.00000000,1500.00000000,0.00000000,0.00000000,0.00000000
1576471523080043900,1576474310,430.41644287,0.00000000,1500.00000000,0.00000000,0.00000000,0.00000000
1576471523121774800,1576474310,430.46908569,0.00000000,1500.00000000,0.00000000,0.00000000,0.00000000
1576471523163031000,1576474310,430.52172852,0.00000000,1500.00000000,0.00000000,0.00000000,0.00000000
1576471523204654800,1576474310,430.58752441,0.00000000,1500.00000000,0.00000000,0.00000000,0.00000000
1576471523245571300,1576474311,430.64013672,0.00000000,1500.00000000,0.00000000,0.00000000,0.00000000
1576471523286683700,1576474311,430.69277954,0.00000000,1500.00000000,0.00000000,0.00000000,0.00000000
1576471523327378600,1576474311,430.74542236,0.00000000,1500.00000000,0.00000000,0.00000000,0.00000000
1576471523368507700,1576474311,430.79803467,0.00000000,1500.00000000,0.00000000,0.00000000,0.00000000
1576471523409311700,1576474311,430.85067749,0.00000000,1500.00000000,0.00000000,0.00000000,0.00000000
1576471523451212900,1576474311,430.90332031,0.00000000,1500.00000000,0.00000000,0.00000000,0.00000000
1576471523492949500,1576474311,430.95593262,0.00000000,1500.00000000,0.00000000,0.00000000,0.00000000
1576471523535252000,1576474311,431.02172852,0.00000000,1500.00000000,0.00000000,0.00000000,0.00000000
1576471523577438800,1576474311,431.07440186,0.00000000,1500.00000000,0.00000000,0.00000000,0.00000000
1576471523618849300,1576474311,431.12701416,0.00000000,1500.00000000,0.00000000,0.00000000,0.00000000
1576471523658870300,1576474311,431.17962646,0.00000000,1500.00000000,0.00000000,0.00000000,0.00000000
1576471523701064800,1576474311,431.23229980,0.00000000,1500.00000000,0.00000000,0.00000000,0.00000000
1576471523742416900,1576474311,431.28491211,0.00000000,1500.00000000,0.00000000,0.00000000,0.00000000
1576471523784052200,1576474311,431.35070801,0.00000000,1500.00000000,0.00000000,0.00000000,0.00000000
1576471523826053400,1576474311,431.40335083,0.00000000,1500.00000000,0.00000000,0.00000000,0.00000000
1576471523868455500,1576474311,431.45599365,0.00000000,1500.00000000,0.00000000,0.00000000,0.00000000
1576471523909608200,1576474311,431.50860596,0.00000000,1500.00000000,0.00000000,0.00000000,0.00000000
1576471523950566200,1576474311,431.56124878,0.00000000,1500.00000000,0.00000000,0.00000000,0.00000000
1576471523990275100,1576474311,431.61386108,0.00000000,1500.00000000,0.00000000,0.00000000,0.00000000
1576471524031105200,1576474311,431.66653442,0.00000000,1500.00000000,0.00000000,0.00000000,0.00000000
1576471524073194800,1576474311,431.71914673,0.00000000,1500.00000000,0.00000000,0.00000000,0.00000000
1576471524114951600,1576474311,431.78497314,0.00000000,1500.00000000,0.00000000,0.00000000,0.00000000
1576471524155950300,1576474311,431.83761597,0.00000000,1500.00000000,0.00000000,0.00000000,0.00000000
1576471524197917700,1576474311,431.89025879,0.00000000,1500.00000000,0.00000000,0.00000000,0.00000000
1576471524239725100,1576474311,431.94287109,0.00000000,1500.00000000,0.00000000,0.00000000,0.00000000
1576471524283113700,1576474312,431.99551392,0.00000000,1500.00000000,0.00000000,0.00000000,0.00000000
1576471524324625000,1576474312,432.06134033,0.00000000,1500.00000000,0.00000000,0.00000000,0.00000000
1576471524365488000,1576474312,432.11395264,0.00000000,1500.00000000,0.00000000,0.00000000,0.00000000
1576471524406475300,1576474312,432.16662598,0.00000000,1500.00000000,0.00000000,0.00000000,0.00000000
1576471524447537200,1576474312,432.21923828,0.00000000,1500.00000000,0.00000000,0.00000000,0.00000000
1576471524489318500,1576474312,432.27188110,0.00000000,1500.00000000,0.00000000,0.00000000,0.00000000
1576471524531175700,1576474312,432.32452393,0.00000000,1500.00000000,0.00000000,0.00000000,0.00000000
1576471524572779500,1576474312,432.37719727,0.00000000,1500.00000000,0.00000000,0.00000000,0.00000000
1576471524613767700,1576474312,432.44296265,0.00000000,1500.00000000,0.00000000,0.00000000,0.00000000
1576471524654707100,1576474312,432.49560547,0.00000000,1500.00000000,0.00000000,0.00000000,0.00000000
1576471524695599800,1576474312,432.54827881,0.00000000,1500.00000000,0.00000000,0.00000000,0.00000000
1576471524736389200,1576474312,432.60089111,0.00000000,1500.00000000,0.00000000,0.00000000,0.00000000
1576471524777582800,1576474312,432.65356445,0.00000000,1500.00000000,0.00000000,0.00000000,0.00000000
1576471524818670800,1576474312,432.70617676,0.00000000,1500.00000000,0.00000000,0.00000000,0.00000000
1576471524859995900,1576474312,432.75881958,0.00000000,1500.00000000,0.00000000,0.00000000,0.00000000
1576471524902138800,1576474312,432.81146240,0.00000000,1500.00000000,0.00000000,0.00000000,0.00000000
1576471524943802900,1576474312,432.87725830,0.00000000,1500.00000000,0.00000000,0.00000000,0.00000000
1576471524985723500,1576474312,432.92990112,0.00000000,1500.00000000,0.00000000,0.00000000,0.00000000
1576471525026699100,1576474312,432.98254395,0.00000000,1500.00000000,0.00000000,0.00000000,0.00000000
1576471525067744500,1576474312,433.03515625,0.00000000,1500.00000000,0.00000000,0.00000000,0.00000000
1576471525108352700,1576474312,433.08782959,0.00000000,1500.00000000,0.00000000,0.00000000,0.00000000
1576471525149396200,1576474312,433.14044189,0.00000000,1500.00000000,0.00000000,0.00000000,0.00000000
1576471525190454500,1576474312,433.19311523,0.00000000,1500.00000000,0.00000000,0.00000000,0.00000000
1576471525232042600,1576474312,433.24572754,0.00000000,1500.00000000,0.00000000,0.00000000,0.00000000
1576471525273737400,1576474313,433.31152344,0.00000000,1500.00000000,0.00000000,0.00000000,0.00000000
1576471525314471000,1576474313,433.36416626,0.00000000,1500.00000000,0.00000000,0.00000000,0.00000000
1576471525355581600,1576474313,433.41680908,0.00000000,1500.00000000,0.00000000,0.00000000,0.00000000
1576471525396237000,1576474313,433.46945190,0.00000000,1500.00000000,0.00000000,0.00000000,0.00000000
1576471525437077500,1576474313,433.52206421,0.00000000,1500.00000000,0.00000000,0.00000000,0.00000000
1576471525479088400,1576474313,433.57470703,0.00000000,1500.00000000,0.00000000,0.00000000,0.00000000
1576471525520979100,1576474313,433.62731934,0.00000000,1500.00000000,0.00000000,0.00000000,0.00000000
1576471525562462000,1576474313,433.67999268,0.00000000,1500.00000000,0.00000000,0.00000000,0.00000000
1576471525603555700,1576474313,433.74578857,0.00000000,1500.00000000,0.00000000,0.00000000,0.00000000
1576471525644130800,1576474313,433.79840088,0.00000000,1500.00000000,0.00000000,0.00000000,0.00000000
1576471525686216700,1576474313,433.85101318,0.00000000,1500.00000000,0.00000000,0.00000000,0.00000000
1576471525727766800,1576474313,433.90365601,0.00000000,1500.00000000,0.00000000,0.00000000,0.00000000
1576471525768877600,1576474313,433.95629883,0.00000000,1500.00000000,0.00000000,0.00000000,0.00000000
1576471525809548200,1576474313,434.00891113,0.00000000,1500.00000000,0.00000000,0.00000000,0.00000000
1576471525850473300,1576474313,434.06155396,0.00000000,1500.00000000,0.00000000,0.00000000,0.00000000
1576471525891550900,1576474313,434.11416626,0.00000000,1500.00000000,0.00000000,0.00000000,0.00000000
1576471525932442100,1576474313,434.16680908,0.00000000,1500.00000000,0.00000000,0.00000000,0.00000000
1576471525974323200,1576474313,434.23260498,0.00000000,1500.00000000,0.00000000,0.00000000,0.00000000
1576471526015929200,1576474313,434.28521729,0.00000000,1500.00000000,0.00000000,0.00000000,0.00000000
1576471526057815200,1576474313,434.33782959,0.00000000,1500.00000000,0.00000000,0.00000000,0.00000000
1576471526098666300,1576474313,434.39047241,0.00000000,1500.00000000,0.00000000,0.00000000,0.00000000
1576471526139619400,1576474313,434.44308472,0.00000000,1500.00000000,0.00000000,0.00000000,0.00000000
1576471526180484200,1576474313,434.49569702,0.00000000,1500.00000000,0.00000000,0.00000000,0.00000000
1576471526221510400,1576474313,434.54833984,0.00000000,1500.00000000,0.00000000,0.00000000,0.00000000
1576471526262473000,1576474314,434.60095215,0.00000000,1500.00000000,0.00000000,0.00000000,0.00000000
1576471526303577400,1576474314,434.66677856,0.00000000,1500.00000000,0.00000000,0.00000000,0.00000000
1576471526345288200,1576474314,434.71939087,0.00000000,1500.00000000,0.00000000,0.00000000,0.00000000
1576471526386899600,1576474314,434.77200317,0.00000000,1500.00000000,0.00000000,0.00000000,0.00000000
1576471526428819200,1576474314,434.82461548,0.00000000,1500.00000000,0.00000000,0.00000000,0.00000000
1576471526469749600,1576474314,434.87725830,0.00000000,1500.00000000,0.00000000,0.00000000,0.00000000
1576471526510632400,1576474314,434.92990112,0.00000000,1500.00000000,0.00000000,0.00000000,0.00000000
1576471526552264700,1576474314,434.98248291,0.00000000,1500.00000000,0.00000000,0.00000000,0.00000000
1576471526593612600,1576474314,435.03512573,0.00000000,1500.00000000,0.00000000,0.00000000,0.00000000
1576471526634829600,1576474314,435.10092163,0.00000000,1500.00000000,0.00000000,0.00000000,0.00000000
1576471526675559400,1576474314,435.15353394,0.00000000,1500.00000000,0.00000000,0.00000000,0.00000000
1576471526717886800,1576474314,435.20617676,0.00000000,1500.00000000,0.00000000,0.00000000,0.00000000
1576471526759645600,1576474314,435.25878906,0.00000000,1500.00000000,0.00000000,0.00000000,0.00000000
1576471526800577700,1576474314,435.31140137,0.00000000,1500.00000000,0.00000000,0.00000000,0.00000000
1576471526841729600,1576474314,435.36401367,0.00000000,1500.00000000,0.00000000,0.00000000,0.00000000
1576471526882039500,1576474314,435.41632080,0.00000000,1500.00000000,0.00000000,0.00000000,0.00000000
1576471526923782500,1576474314,435.41665649,-0.00002134,1500.00000000,0.00000000,0.00000000,0.00000483
1576471526964872000,1576474314,435.41665649,-0.00002134,1500.00000000,0.00000000,0.00000000,0.00000483
1576471527005664400,1576474314,435.41665649,-0.00002134,1500.00000000,0.00000000,0.00000000,0.00000483
1576471527046447500,1576474314,435.41665649,-0.00002134,1500.00000000,0.00000000,0.00000000,0.00000483
1576471527088006700,1576474314,435.41665649,-0.00002134,1500.00000000,0.00000000,0.00000000,0.00000483
1576471527130998700,1576474314,435.41665649,-0.00002134,1500.00000000,0.00000000,0.00000000,0.00000483
1576471527172517000,1576474314,435.41665649,-0.00002134,1500.00000000,0.00000000,0.00000000,0.00000483
1576471527213513500,1576474314,435.41665649,-0.00002134,1500.00000000,0.00000000,0.00000000,0.00000483
1576471527254388700,1576474315,435.41665649,-0.00002134,1500.00000000,0.00000000,0.00000000,0.00000483
1576471527295973600,1576474315,435.41665649,-0.00002134,1500.00000000,0.00000000,0.00000000,0.00000483
1576471527337762800,1576474315,435.41665649,-0.00002134,1500.00000000,0.00000000,0.00000000,0.00000483
1576471527378827500,1576474315,435.41665649,-0.00002134,1500.00000000,0.00000000,0.00000000,0.00000483
1576471527419749700,1576474315,435.41665649,-0.00002134,1500.00000000,0.00000000,0.00000000,0.00000483
1576471527460510500,1576474315,435.41665649,-0.00002134,1500.00000000,0.00000000,0.00000000,0.00000483
1576471527502238400,1576474315,435.41665649,-0.00002134,1500.00000000,0.00000000,0.00000000,0.00000483
1576471527543455100,1576474315,435.41665649,-0.00002134,1500.00000000,0.00000000,0.00000000,0.00000483
1576471527584010400,1576474315,435.41665649,-0.00002134,1500.00000000,0.00000000,0.00000000,0.00000483
1576471527625981300,1576474315,435.41665649,-0.00002134,1500.00000000,0.00000000,0.00000000,0.00000483
1576471527667815700,1576474315,435.41665649,-0.00002134,1500.00000000,0.00000000,0.00000000,0.00000483
1576471527709064500,1576474315,435.41665649,-0.00002134,1500.00000000,0.00000000,0.00000000,0.00000483
1576471527750710200,1576474315,435.41665649,-0.00002134,1500.00000000,0.00000000,0.00000000,0.00000483
1576471527791469500,1576474315,435.41665649,-0.00002134,1500.00000000,0.00000000,0.00000000,0.00000483
1576471527832408700,1576474315,435.41665649,-0.00002134,1500.00000000,0.00000000,0.00000000,0.00000483
1576471527873431100,1576474315,435.41665649,-0.00002134,1500.00000000,0.00000000,0.00000000,0.00000483
1576471527914168300,1576474315,435.41665649,-0.00002134,1500.00000000,0.00000000,0.00000000,0.00000483
1576471527955464100,1576474315,435.41665649,-0.00002134,1500.00000000,0.00000000,0.00000000,0.00000483
1576471527997076000,1576474315,435.41665649,-0.00002134,1500.00000000,0.00000000,0.00000000,0.00000483
1576471528038942400,1576474315,435.41665649,-0.00002134,1500.00000000,0.00000000,0.00000000,0.00000483
1576471528080897400,1576474315,435.41665649,-0.00002134,1500.00000000,0.00000000,0.00000000,0.00000483
1576471528121771400,1576474315,435.41665649,-0.00002134,1500.00000000,0.00000000,0.00000000,0.00000483
1576471528162530400,1576474315,435.41665649,-0.00002134,1500.00000000,0.00000000,0.00000000,0.00000483
1576471528203492100,1576474315,435.41665649,-0.00002134,1500.00000000,0.00000000,0.00000000,0.00000483
1576471528244485000,1576474316,435.41665649,-0.00002134,1500.00000000,0.00000000,0.00000000,0.00000483
1576471528285452500,1576474316,435.41665649,-0.00002134,1500.00000000,0.00000000,0.00000000,0.00000483
1576471528326844700,1576474316,435.41665649,-0.00002134,1500.00000000,0.00000000,0.00000000,0.00000483
1576471528367728000,1576474316,435.41665649,-0.00002134,1500.00000000,0.00000000,0.00000000,0.00000483
1576471528408588000,1576474316,435.41665649,-0.00002134,1500.00000000,0.00000000,0.00000000,0.00000483
1576471528449483400,1576474316,435.41665649,-0.00002134,1500.00000000,0.00000000,0.00000000,0.00000483
1576471528489841900,1576474316,435.41665649,-0.00002134,1500.00000000,0.00000000,0.00000000,0.00000483
1576471528530920700,1576474316,435.41665649,-0.00002134,1500.00000000,0.00000000,0.00000000,0.00000483
1576471528573017900,1576474316,435.41665649,-0.00002134,1500.00000000,0.00000000,0.00000000,0.00000483
1576471528614506500,1576474316,435.41665649,-0.00002134,1500.00000000,0.00000000,0.00000000,0.00000483
1576471528655549600,1576474316,435.41665649,-0.00002134,1500.00000000,0.00000000,0.00000000,0.00000483
1576471528696511000,1576474316,435.41665649,-0.00002134,1500.00000000,0.00000000,0.00000000,0.00000483
1576471528737452200,1576474316,435.41665649,-0.00002134,1500.00000000,0.00000000,0.00000000,0.00000483
1576471528778202600,1576474316,435.41665649,-0.00002134,1500.00000000,0.00000000,0.00000000,0.00000483
1576471528819950200,1576474316,435.41665649,-0.00002134,1500.00000000,0.00000000,0.00000000,0.00000483
1576471528861746100,1576474316,435.41665649,-0.00002134,1500.00000000,0.00000000,0.00000000,0.00000483
1576471528902885300,1576474316,435.41665649,-0.00002134,1500.00000000,0.00000000,0.00000000,0.00000483
1576471528944555400,1576474316,435.41665649,-0.00002134,1500.00000000,0.00000000,0.00000000,0.00000483
1576471528985838700,1576474316,435.41665649,-0.00002134,1500.00000000,0.00000000,0.00000000,0.00000483
1576471529026366400,1576474316,435.41665649,-0.00002134,1500.00000000,0.00000000,0.00000000,0.00000483
1576471529067751800,1576474316,435.41665649,-0.00002134,1500.00000000,0.00000000,0.00000000,0.00000483
1576471529108145400,1576474316,435.41665649,-0.00002134,1500.00000000,0.00000000,0.00000000,0.00000483
1576471529150020700,1576474316,435.41665649,-0.00002134,1500.00000000,0.00000000,0.00000000,0.00000483
1576471529191986500,1576474316,435.41665649,-0.00002134,1500.00000000,0.00000000,0.00000000,0.00000483
1576471529234004700,1576474316,435.41665649,-0.00002134,1500.00000000,0.00000000,0.00000000,0.00000483
1576471529275983500,1576474317,435.41665649,-0.00002134,1500.00000000,0.00000000,0.00000000,0.00000483
1576471529317670800,1576474317,435.41665649,-0.00002134,1500.00000000,0.00000000,0.00000000,0.00000483
1576471529358644300,1576474317,435.41665649,-0.00002134,1500.00000000,0.00000000,0.00000000,0.00000483
1576471529399479200,1576474317,435.41665649,-0.00002134,1500.00000000,0.00000000,0.00000000,0.00000483
1576471529440276600,1576474317,435.41665649,-0.00002134,1500.00000000,0.00000000,0.00000000,0.00000483
1576471529482015500,1576474317,435.41665649,-0.00002134,1500.00000000,0.00000000,0.00000000,0.00000483
1576471529524920200,1576474317,435.41665649,-0.00002134,1500.00000000,0.00000000,0.00000000,0.00000483
1576471529566950900,1576474317,435.41665649,-0.00002134,1500.00000000,0.00000000,0.00000000,0.00000483
1576471529608756600,1576474317,435.41665649,-0.00002134,1500.00000000,0.00000000,0.00000000,0.00000483
1576471529649733500,1576474317,435.41665649,-0.00002134,1500.00000000,0.00000000,0.00000000,0.00000483
1576471529690517000,1576474317,435.41665649,-0.00002134,1500.00000000,0.00000000,0.00000000,0.00000483
1576471529731463200,1576474317,435.41665649,-0.00002134,1500.00000000,0.00000000,0.00000000,0.00000483
1576471529772613000,1576474317,435.41665649,-0.00002134,1500.00000000,0.00000000,0.00000000,0.00000483
1576471529813444900,1576474317,435.41665649,-0.00002134,1500.00000000,0.00000000,0.00000000,0.00000483
1576471529854210400,1576474317,435.41665649,-0.00002134,1500.00000000,0.00000000,0.00000000,0.00000483
1576471529895840000,1576474317,435.41665649,-0.00002134,1500.00000000,0.00000000,0.00000000,0.00000483
1576471529936777400,1576474317,435.41665649,-0.00002134,1500.00000000,0.00000000,0.00000000,0.00000483
1576471529977608800,1576474317,435.41665649,-0.00002134,1500.00000000,0.00000000,0.00000000,0.00000483
1576471530019665400,1576474317,435.41665649,-0.00002134,1500.00000000,0.00000000,0.00000000,0.00000483
1576471530060573000,1576474317,435.41665649,-0.00002134,1500.00000000,0.00000000,0.00000000,0.00000483
1576471530101667400,1576474317,435.41665649,-0.00002134,1500.00000000,0.00000000,0.00000000,0.00000483
1576471530142799700,1576474317,435.41665649,-0.00002134,1500.00000000,0.00000000,0.00000000,0.00000483
1576471530183741400,1576474317,435.41665649,-0.00002134,1500.00000000,0.00000000,0.00000000,0.00000483
1576471530226540800,1576474317,435.41665649,-0.00002134,1500.00000000,0.00000000,0.00000000,0.00000483
1576471530267707500,1576474318,435.41665649,-0.00002134,1500.00000000,0.00000000,0.00000000,0.00000483
1576471530308818100,1576474318,435.41665649,-0.00002134,1500.00000000,0.00000000,0.00000000,0.00000483
1576471530349718800,1576474318,435.41665649,-0.00002134,1500.00000000,0.00000000,0.00000000,0.00000483
1576471530390636500,1576474318,435.41665649,-0.00002134,1500.00000000,0.00000000,0.00000000,0.00000483
1576471530431583200,1576474318,435.41665649,-0.00002134,1500.00000000,0.00000000,0.00000000,0.00000483
1576471530472487100,1576474318,435.41665649,-0.00002134,1500.00000000,0.00000000,0.00000000,0.00000483
1576471530513469400,1576474318,435.41665649,-0.00002134,1500.00000000,0.00000000,0.00000000,0.00000483
1576471530554310600,1576474318,435.41665649,-0.00002134,1500.00000000,0.00000000,0.00000000,0.00000483
1576471530596153000,1576474318,435.41665649,-0.00002134,1500.00000000,0.00000000,0.00000000,0.00000483
1576471530637979100,1576474318,435.41665649,-0.00002134,1500.00000000,0.00000000,0.00000000,0.00000483
1576471530679910300,1576474318,435.41665649,-0.00002134,1500.00000000,0.00000000,0.00000000,0.00000483
1576471530721829800,1576474318,435.41665649,-0.00002134,1500.00000000,0.00000000,0.00000000,0.00000483
1576471530762712400,1576474318,435.41665649,-0.00002134,1500.00000000,0.00000000,0.00000000,0.00000483
1576471530804052900,1576474318,435.41665649,-0.00002134,1500.00000000,0.00000000,0.00000000,0.00000483
1576471530845407500,1576474318,435.41665649,-0.00002134,1500.00000000,0.00000000,0.00000000,0.00000483
1576471530886686100,1576474318,435.41665649,-0.00002134,1500.00000000,0.00000000,0.00000000,0.00000483
1576471530927494300,1576474318,435.41665649,-0.00002134,1500.00000000,0.00000000,0.00000000,0.00000483
1576471530968235000,1576474318,435.41665649,-0.00002134,1500.00000000,0.00000000,0.00000000,0.00000483
1576471531010227400,1576474318,435.41665649,-0.00002134,1500.00000000,0.00000000,0.00000000,0.00000483
1576471531052609400,1576474318,435.41665649,-0.00002134,1500.00000000,0.00000000,0.00000000,0.00000483
1576471531093751500,1576474318,435.41665649,-0.00002134,1500.00000000,0.00000000,0.00000000,0.00000483
1576471531134648300,1576474318,435.41665649,-0.00002134,1500.00000000,0.00000000,0.00000000,0.00000483
1576471531175520200,1576474318,435.41665649,-0.00002134,1500.00000000,0.00000000,0.00000000,0.00000483
1576471531216708800,1576474318,435.41665649,-0.00002134,1500.00000000,0.00000000,0.00000000,0.00000483
1576471531257651300,1576474319,435.41665649,-0.00002134,1500.00000000,0.00000000,0.00000000,0.00000483
1576471531298238900,1576474319,435.41665649,-0.00002134,1500.00000000,0.00000000,0.00000000,0.00000483
1576471531339169700,1576474319,435.41665649,-0.00002134,1500.00000000,0.00000000,0.00000000,0.00000483
1576471531381044600,1576474319,435.41665649,-0.00002134,1500.00000000,0.00000000,0.00000000,0.00000483
1576471531422864100,1576474319,435.41665649,-0.00002134,1500.00000000,0.00000000,0.00000000,0.00000483
1576471531463795800,1576474319,435.41665649,-0.00002134,1500.00000000,0.00000000,0.00000000,0.00000483
1576471531504772000,1576474319,435.41665649,-0.00002134,1500.00000000,0.00000000,0.00000000,0.00000483
1576471531545657200,1576474319,435.41665649,-0.00002134,1500.00000000,0.00000000,0.00000000,0.00000483
1576471531586819900,1576474319,435.41665649,-0.00002134,1500.00000000,0.00000000,0.00000000,0.00000483
1576471531627497800,1576474319,435.41665649,-0.00002134,1500.00000000,0.00000000,0.00000000,0.00000483
1576471531668591900,1576474319,435.41665649,-0.00002134,1500.00000000,0.00000000,0.00000000,0.00000483
1576471531708898300,1576474319,435.41665649,-0.00002134,1500.00000000,0.00000000,0.00000000,0.00000483
1576471531750778800,1576474319,435.41665649,-0.00002134,1500.00000000,0.00000000,0.00000000,0.00000483
1576471531790956500,1576474319,435.41665649,-0.00002134,1500.00000000,0.00000000,0.00000000,0.00000483
