2,1576467198622456000,1576467198622389000,0.04139096,0.25937662,0.96488887,1.17376423,-0.25815752,0.93570054,-0.24045613,0.77715528,-0.96521568,-0.23914060,0.10568953,0.36855197,
2,1576467198633695500,1576467198633590900,0.04139182,0.25935090,0.96489573,1.17373824,-0.25817233,0.93570334,-0.24042937,0.77715981,-0.96521175,-0.23915756,0.10568768,0.36854827,
2,1576467198644492500,1576467198644437400,0.04123047,0.25940064,0.96488929,1.17397070,-0.25796145,0.93573320,-0.24053946,0.77709615,-0.96527505,-0.23898667,0.10549614,0.36872137,
2,1576467198655778500,1576467198655698600,0.04120201,0.25953659,0.96485388,1.17414904,-0.25805956,0.93567324,-0.24066743,0.77722180,-0.96525002,-0.23907380,0.10552752,0.36866820,
2,1576467198667607000,1576467198667518300,0.04119030,0.25952938,0.96485633,1.17414951,-0.25802812,0.93568212,-0.24066666,0.77724433,-0.96525890,-0.23904693,0.10550693,0.36868954,
2,1576467198678450500,1576467198678351500,0.04114810,0.25955969,0.96485001,1.17426491,-0.25799009,0.93568140,-0.24071033,0.77723086,-0.96527088,-0.23901698,0.10546529,0.36871386,
2,1576467198689489800,1576467198689377300,0.04113615,0.25948158,0.96487153,1.17410064,-0.25797260,0.93570447,-0.24063933,0.77722239,-0.96527606,-0.23901144,0.10543042,0.36879456,
2,1576467198700633100,1576467198700515900,0.04112762,0.25949275,0.96486884,1.17409372,-0.25801194,0.93569142,-0.24064797,0.77723777,-0.96526593,-0.23905042,0.10543495,0.36881924,
2,1576467198712970000,1576467198712869900,0.04124317,0.25945505,0.96487409,1.17406774,-0.25813663,0.93567705,-0.24057001,0.77723253,-0.96522766,-0.23914747,0.10556513,0.36869252,
2,1576467198724596200,1576467198724512600,0.04124635,0.25946969,0.96487004,1.17403769,-0.25811866,0.93567806,-0.24058537,0.77729130,-0.96523231,-0.23912767,0.10556731,0.36870956,
2,1576467198736627000,1576467198736494600,0.04124925,0.25948715,0.96486521,1.17402887,-0.25809556,0.93567961,-0.24060416,0.77730751,-0.96523839,-0.23910269,0.10556853,0.36871994,
2,1576467198748426500,1576467198748348800,0.04125798,0.25950789,0.96485925,1.17408848,-0.25811133,0.93567103,-0.24062049,0.77729237,-0.96523380,-0.23911357,0.10558584,0.36867976,
2,1576467198760486900,1576467198760393700,0.04127580,0.25949618,0.96486163,1.17408729,-0.25812700,0.93567121,-0.24060312,0.77730060,-0.96522880,-0.23912574,0.10560355,0.36867702,
2,1576467198772360800,1576467198772296800,0.04128575,0.25950247,0.96485955,1.17407036,-0.25814176,0.93566656,-0.24060521,0.77731359,-0.96522444,-0.23913696,0.10561812,0.36868167,
2,1576467198784230800,1576467198784153900,0.04133469,0.25947419,0.96486503,1.17417884,-0.25819582,0.93566328,-0.24056011,0.77732658,-0.96520793,-0.23918062,0.10567054,0.36857688,
2,1576467198795039500,1576467198794979200,0.04135513,0.25947428,0.96486413,1.17427444,-0.25819471,0.93566477,-0.24055542,0.77737081,-0.96520734,-0.23917460,0.10568947,0.36857879,
2,1576467198806112400,1576467198806053300,0.04136100,0.25947106,0.96486473,1.17439914,-0.25820452,0.93566352,-0.24054980,0.77741194,-0.96520448,-0.23918305,0.10569662,0.36858046,
2,1576467198817197000,1576467198817115200,0.04153040,0.25927645,0.96490979,1.17409086,-0.25828665,0.93570209,-0.24031138,0.77734590,-0.96517521,-0.23924309,0.10582769,0.36851525,
2,1576467198828099300,1576467198828011100,0.04152426,0.25929767,0.96490431,1.17426610,-0.25825161,0.93570513,-0.24033724,0.77748144,-0.96518481,-0.23920827,0.10581851,0.36848652,
2,1576467198838977300,1576467198838904000,0.04148066,0.25930217,0.96490502,1.17446589,-0.25827274,0.93569607,-0.24034980,0.77759635,-0.96518111,-0.23923880,0.10578397,0.36845434,
2,1576467198849932900,1576467198849867100,1.00000000,0.00000000,0.00000000,0.00000000,0.00000000,1.00000000,0.00000000,0.00000000,0.00000000,0.00000000,1.00000000,0.00000000,
2,1576467198860976100,1576467198860924200,1.00000000,0.00000000,0.00000000,0.00000000,0.00000000,1.00000000,0.00000000,0.00000000,0.00000000,0.00000000,1.00000000,0.00000000,
2,1576467198872157500,1576467198872014200,1.00000000,0.00000000,0.00000000,0.00000000,0.00000000,1.00000000,0.00000000,0.00000000,0.00000000,0.00000000,1.00000000,0.00000000,
2,1576467198882924400,1576467198882842700,1.00000000,0.00000000,0.00000000,0.00000000,0.00000000,1.00000000,0.00000000,0.00000000,0.00000000,0.00000000,1.00000000,0.00000000,
2,1576467198893834500,1576467198893752900,1.00000000,0.00000000,0.00000000,0.00000000,0.00000000,1.00000000,0.00000000,0.00000000,0.00000000,0.00000000,1.00000000,0.00000000,
2,1576467198905047200,1576467198904981500,1.00000000,0.00000000,0.00000000,0.00000000,0.00000000,1.00000000,0.00000000,0.00000000,0.00000000,0.00000000,1.00000000,0.00000000,
2,1576467198917007600,1576467198916936100,0.04137135,0.25929412,0.96491182,1.17304015,-0.25816154,0.93571889,-0.24038045,0.77717912,-0.96521550,-0.23915829,0.10565171,0.36842406,
2,1576467198928947200,1576467198928855300,0.04139194,0.25928342,0.96491385,1.17252779,-0.25819850,0.93571371,-0.24036105,0.77726150,-0.96520472,-0.23919031,0.10567760,0.36841846,
2,1576467198939885100,1576467198939824400,0.03398368,0.29287368,0.95554698,1.17478085,-0.26642278,0.92415631,-0.27377728,0.78121698,-0.96325696,-0.24527553,0.10943446,0.36836600,
2,1576467198950807400,1576467198950729200,0.03923798,0.27219185,0.96144259,1.17105079,-0.26100180,0.93157226,-0.25308344,0.77753747,-0.96454048,-0.24100776,0.10759559,0.36964321,
2,1576467198961731500,1576467198961661900,0.03925049,0.27219665,0.96144074,1.17032909,-0.26101872,0.93156755,-0.25308317,0.77757263,-0.96453536,-0.24102040,0.10761294,0.36981475,
2,1576467198972885900,1576467198972775200,0.03930038,0.27223021,0.96142918,1.16954350,-0.26103249,0.93155855,-0.25310209,0.77763009,-0.96452963,-0.24101725,0.10767153,0.37000287,
2,1576467198984670100,1576467198984606600,0.04025811,0.26778880,0.96263617,1.16955042,-0.26025268,0.93297380,-0.24865331,0.77868366,-0.96470082,-0.24051832,0.10725248,0.36998320,
2,1576467198995734000,1576467198995627700,0.04026586,0.26781413,0.96262878,1.16878104,-0.26028365,0.93296003,-0.24867253,0.77892971,-0.96469218,-0.24054351,0.10727406,0.37019277,
2,1576467199006706800,1576467199006614000,0.04033217,0.26782006,0.96262431,1.16796422,-0.26030686,0.93295699,-0.24865969,0.77917469,-0.96468318,-0.24054873,0.10734358,0.37041616,
2,1576467199017825600,1576467199017699800,0.04035673,0.26595411,0.96314055,1.16987419,-0.25983998,0.93355507,-0.24689700,0.77897882,-0.96480799,-0.24029845,0.10678068,0.37089586,
2,1576467199029623800,1576467199029512000,0.04041010,0.26597869,0.96313149,1.16941738,-0.25983906,0.93355238,-0.24690807,0.77921605,-0.96480596,-0.24028160,0.10683659,0.37135720,
2,1576467199040570900,1576467199040498500,0.04042289,0.26601627,0.96312058,1.16898489,-0.25991777,0.93352395,-0.24693269,0.77944994,-0.96478432,-0.24035043,0.10687813,0.37183189,
2,1576467199051503400,1576467199051430900,0.04068756,0.26494807,0.96340382,1.16773629,-0.25968331,0.93387246,-0.24585934,0.77947605,-0.96483630,-0.24017647,0.10679960,0.37082148,
2,1576467199062380900,1576467199062310800,0.04071581,0.26499552,0.96338958,1.16698408,-0.25971615,0.93385398,-0.24589488,0.77970731,-0.96482629,-0.24019602,0.10684627,0.37105489,
2,1576467199073311200,1576467199073227400,0.04075110,0.26504445,0.96337461,1.16620255,-0.25973737,0.93383843,-0.24593145,0.77994227,-0.96481901,-0.24020243,0.10689688,0.37129831,
2,1576467199084416100,1576467199084314900,0.04092726,0.26416928,0.96360755,1.16904497,-0.25946897,0.93413937,-0.24507031,0.77909362,-0.96488374,-0.23999619,0.10677549,0.37046409,
2,1576467199095311800,1576467199095240000,0.04094291,0.26423165,0.96358973,1.16858292,-0.25947329,0.93412346,-0.24512653,0.77926528,-0.96488202,-0.23998959,0.10680678,0.37062681,
2,1576467199106443300,1576467199106346200,0.04098919,0.26422673,0.96358913,1.16809225,-0.25951472,0.93411732,-0.24510600,0.77943599,-0.96486890,-0.24001887,0.10685945,0.37079775,
2,1576467199117222000,1576467199117124700,0.04102448,0.26371205,0.96372867,1.16929293,-0.25939280,0.93428063,-0.24461201,0.77900934,-0.96490020,-0.23994917,0.10673341,0.36999881,
2,1576467199128340200,1576467199128198600,0.04104090,0.26372066,0.96372557,1.16890264,-0.25941116,0.93427491,-0.24461439,0.77915657,-0.96489447,-0.23996198,0.10675552,0.37007284,
2,1576467199139112700,1576467199139015500,0.04108834,0.26375958,0.96371293,1.16850781,-0.25943327,0.93426257,-0.24463823,0.77930307,-0.96488655,-0.23996741,0.10681531,0.37014329,
2,1576467199150442800,1576467199150360600,0.04122862,0.26325488,0.96384490,1.17007351,-0.25933018,0.93442500,-0.24412653,0.77880681,-0.96490824,-0.23988907,0.10679498,0.36994708,
2,1576467199162284600,1576467199162217900,0.04124695,0.26325995,0.96384275,1.16976428,-0.25933427,0.93442386,-0.24412659,0.77894151,-0.96490639,-0.23988797,0.10681444,0.37005067,
2,1576467199173179200,1576467199173088200,0.04125908,0.26329392,0.96383291,1.16947818,-0.25936979,0.93440717,-0.24415269,0.77907431,-0.96489632,-0.23991564,0.10684329,0.37014389,
2,1576467199184878100,1576467199184755600,0.04141945,0.26293352,0.96392447,1.16901422,-0.25936121,0.93451065,-0.24376555,0.77896726,-0.96489179,-0.23990797,0.10690168,0.37019384,
2,1576467199196263300,1576467199196185800,0.04144263,0.26294792,0.96391952,1.16858506,-0.25938961,0.93450141,-0.24377076,0.77910292,-0.96488315,-0.23992822,0.10693413,0.37032127,
2,1576467199208188300,1576467199208115700,0.04148304,0.26296264,0.96391374,1.16813087,-0.25941929,0.93449283,-0.24377199,0.77924681,-0.96487343,-0.23994541,0.10698318,0.37045145,
2,1576467199218974500,1576467199218897200,0.04146576,0.26267746,0.96399224,1.17004633,-0.25926194,0.93460292,-0.24351715,0.77881968,-0.96491647,-0.23982887,0.10685629,0.36992788,
2,1576467199230085300,1576467199229996500,0.04151291,0.26271468,0.96398008,1.16978788,-0.25934696,0.93457538,-0.24353243,0.77894616,-0.96489161,-0.23989557,0.10693118,0.37000442,
2,1576467199242062600,1576467199241972900,0.04154655,0.26274952,0.96396911,1.16949868,-0.25936455,0.93456429,-0.24355617,0.77909029,-0.96488541,-0.23990050,0.10697582,0.37009811,
2,1576467199252974600,1576467199252901300,0.04140753,0.26242825,0.96406263,1.17093658,-0.25918928,0.93468028,-0.24329761,0.77872634,-0.96493846,-0.23980033,0.10672137,0.36989403,
2,1576467199263876200,1576467199263795800,0.04141742,0.26246592,0.96405196,1.17076159,-0.25924176,0.93465835,-0.24332595,0.77884865,-0.96492398,-0.23984459,0.10675326,0.36998224,
2,1576467199274815200,1576467199274749600,0.04143941,0.26246727,0.96405065,1.17057824,-0.25923118,0.93466198,-0.24332312,0.77897334,-0.96492589,-0.23982882,0.10677150,0.37007451,
2,1576467199285820900,1576467199285750400,0.04134637,0.26222819,0.96411967,1.17027187,-0.25911832,0.93474454,-0.24312621,0.77884018,-0.96496016,-0.23976865,0.10659644,0.37016237,
2,1576467199296672300,1576467199296604100,0.04136032,0.26223749,0.96411657,1.17002654,-0.25914025,0.93473762,-0.24312945,0.77894950,-0.96495366,-0.23978549,0.10661733,0.37027752,
2,1576467199307836000,1576467199307757400,0.04129636,0.26210868,0.96415430,1.17074323,-0.25914982,0.93476367,-0.24301895,0.77864623,-0.96495390,-0.23982459,0.10652778,0.36993504,
2,1576467199318894600,1576467199318799900,0.04137263,0.26190791,0.96420562,1.16998672,-0.25912821,0.93482441,-0.24280825,0.77875292,-0.96495640,-0.23980725,0.10654387,0.37021685,
2,1576467199329690400,1576467199329618000,0.04138008,0.26194060,0.96419644,1.16968727,-0.25914684,0.93481201,-0.24283613,0.77885640,-0.96495110,-0.23981985,0.10656369,0.37033987,
2,1576467199341662200,1576467199341578600,0.04141507,0.26196182,0.96418911,1.16936445,-0.25918734,0.93479884,-0.24284379,0.77896798,-0.96493864,-0.23984823,0.10661194,0.37046599,
2,1576467199352897800,1576467199352839900,0.04132706,0.26182821,0.96422923,1.17019987,-0.25910893,0.93484646,-0.24274410,0.77871740,-0.96496356,-0.23980850,0.10647649,0.37005019,
2,1576467199364711200,1576467199364632900,0.04138756,0.26185876,0.96421832,1.16990256,-0.25914875,0.93483263,-0.24275474,0.77883744,-0.96495026,-0.23982894,0.10655078,0.37014711,
2,1576467199375668000,1576467199375585700,0.04132977,0.26182249,0.96423066,1.17030406,-0.25916833,0.93483329,-0.24273138,0.77864969,-0.96494746,-0.23986602,0.10649255,0.36989987,
2,1576467199386657000,1576467199386520900,0.04138842,0.26174811,0.96424830,1.17028141,-0.25914830,0.93486065,-0.24264732,0.77872741,-0.96495032,-0.23984054,0.10652396,0.36989021,
2,1576467199398247700,1576467199398171300,0.04141062,0.26178706,0.96423686,1.17001867,-0.25917411,0.93484581,-0.24267688,0.77884090,-0.96494240,-0.23985580,0.10656092,0.36996353,
2,1576467199409735800,1576467199409653200,0.04126924,0.26169726,0.96426725,1.17059708,-0.25909927,0.93487817,-0.24263218,0.77861619,-0.96496856,-0.23982769,0.10638732,0.36982453,
2,1576467199420720700,1576467199420603000,0.04128885,0.26168370,0.96427006,1.17079759,-0.25909045,0.93488503,-0.24261525,0.77868307,-0.96497011,-0.23981589,0.10640007,0.36973858,
2,1576467199431643300,1576467199431530600,0.04128194,0.26171497,0.96426189,1.17058301,-0.25908872,0.93487716,-0.24264742,0.77879238,-0.96497083,-0.23981243,0.10640091,0.36980474,
2,1576467199443398300,1576467199443318600,0.04124665,0.26168334,0.96427196,1.17074966,-0.25911582,0.93487614,-0.24262227,0.77876115,-0.96496511,-0.23985076,0.10636678,0.36983073,
2,1576467199455160100,1576467199455056800,0.04124406,0.26160172,0.96429420,1.17048240,-0.25906321,0.93490958,-0.24254955,0.77882051,-0.96497929,-0.23980945,0.10633084,0.36993957,
2,1576467199466039200,1576467199465932600,0.04126817,0.26162487,0.96428692,1.17025471,-0.25908449,0.93489999,-0.24256384,0.77893329,-0.96497262,-0.23982163,0.10636452,0.37002623,
2,1576467199476972200,1576467199476919000,0.04115066,0.26156777,0.96430749,1.17054534,-0.25903815,0.93491852,-0.24254191,0.77883029,-0.96499002,-0.23981166,0.10622853,0.36995196,
2,1576467199487866900,1576467199487799200,0.04115728,0.26148376,0.96432996,1.16983438,-0.25901359,0.93494618,-0.24246156,0.77890778,-0.96499634,-0.23979552,0.10620770,0.37021458,
2,1576467199499068300,1576467199499013200,0.04119858,0.26152369,0.96431732,1.16955185,-0.25904602,0.93493068,-0.24248676,0.77902222,-0.96498591,-0.23981246,0.10626447,0.37031782,
2,1576467199509912400,1576467199509815900,0.04124931,0.26147848,0.96432745,1.16990948,-0.25910011,0.93493176,-0.24242473,0.77884245,-0.96496916,-0.23985749,0.10631436,0.36997819,
2,1576467199520981700,1576467199520908200,0.04128018,0.26151341,0.96431667,1.17014122,-0.25908643,0.93492830,-0.24245271,0.77889001,-0.96497154,-0.23983288,0.10634860,0.36987734,
2,1576467199531829000,1576467199531749600,0.04129079,0.26149923,0.96432006,1.16988730,-0.25913936,0.93491936,-0.24243054,0.77900243,-0.96495688,-0.23988311,0.10636833,0.36995077,
2,1576467199543141400,1576467199543041200,0.04138610,0.26149786,0.96431637,1.17020988,-0.25912324,0.93492967,-0.24240801,0.77888060,-0.96495712,-0.23984444,0.10645327,0.36979282,
2,1576467199554836100,1576467199554756200,0.04138747,0.26148379,0.96432012,1.16993833,-0.25914410,0.93492812,-0.24239174,0.77898180,-0.96495152,-0.23986587,0.10645628,0.36986625,
2,1576467199565786600,1576467199565708600,0.04140741,0.26148745,0.96431822,1.16968060,-0.25916365,0.93492359,-0.24238832,0.77910280,-0.96494538,-0.23987953,0.10648084,0.36993420,
2,1576467199577071700,1576467199576941000,0.04143882,0.26145321,0.96432614,1.17004251,-0.25916466,0.93493390,-0.24234745,0.77896595,-0.96494371,-0.23987669,0.10650197,0.36982417,
2,1576467199588855400,1576467199588781100,0.04143041,0.26137817,0.96434689,1.16928029,-0.25912985,0.93496090,-0.24228059,0.77904487,-0.96495342,-0.23985328,0.10646671,0.37006843,
2,1576467199599711000,1576467199599637000,0.04143357,0.26139119,0.96434319,1.16896987,-0.25916004,0.93495029,-0.24228911,0.77916682,-0.96494520,-0.23988032,0.10648051,0.37016034,
2,1576467199610778800,1576467199610673800,0.04147974,0.26132387,0.96435946,1.16938233,-0.25918075,0.93496495,-0.24221045,0.77899194,-0.96493769,-0.23989657,0.10651222,0.37005603,
2,1576467199621847700,1576467199621793200,0.04150230,0.26135629,0.96434969,1.16947055,-0.25914547,0.93496698,-0.24224034,0.77903283,-0.96494615,-0.23985332,0.10653257,0.37000680,
2,1576467199632773700,1576467199632679800,0.04149759,0.26138800,0.96434134,1.16918516,-0.25918156,0.93494976,-0.24226820,0.77915716,-0.96493673,-0.23988593,0.10654509,0.37009168,
2,1576467199643782300,1576467199643687500,0.04147744,0.26137736,0.96434510,1.16948295,-0.25905618,0.93498236,-0.24227658,0.77906394,-0.96497124,-0.23977053,0.10649210,0.37019098,
2,1576467199654771300,1576467199654697600,0.04151526,0.26139498,0.96433866,1.16945672,-0.25904560,0.93498290,-0.24228570,0.77911699,-0.96497244,-0.23974913,0.10652930,0.37020409,
2,1576467199666657100,1576467199666586800,0.04153219,0.26140577,0.96433502,1.16915488,-0.25906998,0.93497521,-0.24228942,0.77925313,-0.96496516,-0.23976743,0.10655397,0.37031054,
2,1576467199677573300,1576467199677455600,0.04154837,0.26133788,0.96435273,1.16954017,-0.25909525,0.93498695,-0.24221686,0.77911294,-0.96495765,-0.23979551,0.10655859,0.37016737,
2,1576467199688633500,1576467199688542100,0.04156595,0.26131684,0.96435761,1.16903234,-0.25910348,0.93499130,-0.24219137,0.77920425,-0.96495473,-0.23980151,0.10657191,0.37033761,
2,1576467199700769800,1576467199700625900,0.04155943,0.26133400,0.96435332,1.16870213,-0.25912628,0.93498093,-0.24220704,0.77934718,-0.96494889,-0.23982328,0.10657576,0.37045479,
2,1576467199712513000,1576467199712425900,0.04147494,0.26133597,0.96435642,1.16903877,-0.25898027,0.93501145,-0.24224545,0.77925706,-0.96499169,-0.23970217,0.10646042,0.37055564,
2,1576467199723792400,1576467199723639600,0.04151750,0.26127380,0.96437138,1.16901588,-0.25897595,0.93503076,-0.24217540,0.77930021,-0.96499097,-0.23969449,0.10648379,0.37057626,
2,1576467199735671300,1576467199735559100,0.04155707,0.26134032,0.96435165,1.16870785,-0.25902051,0.93500549,-0.24222544,0.77944386,-0.96497738,-0.23972069,0.10654861,0.37069607,
2,1576467199746944000,1576467199746864600,0.04159382,0.26125181,0.96437407,1.16902161,-0.25905257,0.93502200,-0.24212722,0.77929974,-0.96496719,-0.23975259,0.10656908,0.37048471,
2,1576467199757999900,1576467199757920400,0.04160124,0.26125801,0.96437210,1.16900802,-0.25905138,0.93502122,-0.24213155,0.77936268,-0.96496719,-0.23974892,0.10657728,0.37049139,
2,1576467199769275800,1576467199769108800,0.04160491,0.26131552,0.96435636,1.16873598,-0.25906634,0.93500328,-0.24218480,0.77949345,-0.96496302,-0.23975620,0.10659876,0.37058878,
2,1576467199780923400,1576467199780829200,0.04166096,0.26125622,0.96437001,1.16905212,-0.25912851,0.93500626,-0.24210691,0.77935994,-0.96494389,-0.23980933,0.10665220,0.37037659,
2,1576467199791917000,1576467199791820400,0.04165339,0.26122171,0.96437961,1.16881704,-0.25913274,0.93501335,-0.24207480,0.77942371,-0.96494311,-0.23981911,0.10663760,0.37045574,
2,1576467199803073000,1576467199802988000,0.04166603,0.26124090,0.96437395,1.16853070,-0.25912544,0.93501115,-0.24209118,0.77954960,-0.96494448,-0.23980686,0.10665235,0.37054932,
2,1576467199813847800,1576467199813762400,0.04175460,0.26119274,0.96438307,1.16894889,-0.25919777,0.93501079,-0.24201515,0.77937508,-0.96492124,-0.23986070,0.10674155,0.37029898,
2,1576467199825283700,1576467199825161600,0.04176262,0.26116568,0.96439010,1.16859412,-0.25916895,0.93502522,-0.24199018,0.77941668,-0.96492869,-0.23983383,0.10673517,0.37040401,
2,1576467199836795500,1576467199836681600,0.04176655,0.26118141,0.96438569,1.16827917,-0.25918621,0.93501729,-0.24200256,0.77955663,-0.96492386,-0.23984784,0.10674706,0.37049210,
2,1576467199847944100,1576467199847889400,0.04180291,0.26113766,0.96439588,1.16861582,-0.25923905,0.93501735,-0.24194555,0.77941692,-0.96490806,-0.23989506,0.10678354,0.37028944,
2,1576467199858853500,1576467199858766900,0.04181397,0.26110753,0.96440363,1.16829348,-0.25920436,0.93503422,-0.24191749,0.77944791,-0.96491694,-0.23986208,0.10677773,0.37037778,
2,1576467199870423000,1576467199870286500,0.04183075,0.26112702,0.96439767,1.16798401,-0.25922492,0.93502527,-0.24193008,0.77957082,-0.96491063,-0.23987579,0.10680345,0.37045240,
2,1576467199881936900,1576467199881841700,0.04183307,0.26112169,0.96439898,1.16885519,-0.25917566,0.93503898,-0.24192981,0.77935767,-0.96492374,-0.23982808,0.10679194,0.37015998,
2,1576467199892859000,1576467199892762500,0.04186785,0.26114535,0.96439099,1.16858482,-0.25920311,0.93502843,-0.24194132,0.77947772,-0.96491492,-0.23984358,0.10683733,0.37022173,
2,1576467199903821100,1576467199903761700,0.04191548,0.26115650,0.96438599,1.16831040,-0.25923154,0.93502152,-0.24193755,0.77960253,-0.96490520,-0.23985833,0.10689187,0.37028539,
2,1576467199914813400,1576467199914697900,0.04186261,0.26117882,0.96438229,1.16867566,-0.25908417,0.93504924,-0.24198820,0.77950191,-0.96494704,-0.23972592,0.10681090,0.37039828,
2,1576467199926332100,1576467199926227300,0.04188707,0.26111001,0.96439981,1.16832137,-0.25903571,0.93508011,-0.24192095,0.77951694,-0.96495903,-0.23968062,0.10680455,0.37051821,
2,1576467199937875600,1576467199937778300,0.04190984,0.26115218,0.96438736,1.16801929,-0.25905761,0.93506551,-0.24195391,0.77965510,-0.96495211,-0.23969164,0.10684195,0.37061584,
2,1576467199948789500,1576467199948686100,0.04189855,0.26112813,0.96439439,1.16843438,-0.25907072,0.93506753,-0.24193187,0.77950025,-0.96494913,-0.23970976,0.10682863,0.37049270,
2,1576467199959749300,1576467199959655300,0.04193112,0.26118809,0.96437675,1.16851568,-0.25902987,0.93506467,-0.24198672,0.77952278,-0.96495867,-0.23965557,0.10686380,0.37046039,
2,1576467199970731000,1576467199970653000,0.04193816,0.26121572,0.96436894,1.16825438,-0.25906846,0.93504858,-0.24200754,0.77964568,-0.96494794,-0.23968822,0.10688695,0.37054849,
2,1576467199981846900,1576467199981768200,0.04184470,0.26121357,0.96437353,1.16872263,-0.25898832,0.93506324,-0.24203682,0.77946806,-0.96497357,-0.23963350,0.10677874,0.37052429,
2,1576467199992633000,1576467199992554600,0.04189679,0.26121169,0.96437186,1.16847038,-0.25898585,0.93506753,-0.24202272,0.77958441,-0.96497196,-0.23961869,0.10682645,0.37061548,
2,1576467200003727800,1576467200003648000,0.04192916,0.26124498,0.96436143,1.16821027,-0.25901520,0.93505394,-0.24204396,0.77971327,-0.96496272,-0.23963557,0.10687244,0.37071109,
2,1576467200014641700,1576467200014558100,0.04191029,0.26122090,0.96436876,1.16865182,-0.25901431,0.93505901,-0.24202524,0.77956140,-0.96496373,-0.23964196,0.10684854,0.37063503,
2,1576467200025589200,1576467200025490800,0.04192257,0.26115406,0.96438628,1.16817784,-0.25898913,0.93508279,-0.24196029,0.77953827,-0.96496999,-0.23962198,0.10683712,0.37081802,
2,1576467200036608400,1576467200036510700,0.04193160,0.26116383,0.96438330,1.16790986,-0.25900424,0.93507719,-0.24196592,0.77964854,-0.96496552,-0.23963332,0.10685182,0.37092817,
2,1576467200047921400,1576467200047801900,0.04188102,0.26115829,0.96438700,1.16847873,-0.25896564,0.93508500,-0.24197699,0.77943861,-0.96497810,-0.23960885,0.10679334,0.37078691,
2,1576467200059784200,1576467200059620300,0.04194495,0.26117510,0.96437967,1.16820621,-0.25901592,0.93507224,-0.24197231,0.77954972,-0.96496183,-0.23964015,0.10687006,0.37089443,
2,1576467200071481800,1576467200071399500,0.04193723,0.26115835,0.96438456,1.16791892,-0.25901434,0.93507636,-0.24195811,0.77966583,-0.96496254,-0.23964235,0.10685828,0.37101436,
2,1576467200082655000,1576467200082563300,0.04200590,0.26109880,0.96439767,1.16827130,-0.25916710,0.93505764,-0.24186692,0.77949357,-0.96491855,-0.23978031,0.10694620,0.37062562,
2,1576467200094336500,1576467200094261800,0.04199153,0.26107642,0.96440434,1.16815901,-0.25914314,0.93506831,-0.24185134,0.77952707,-0.96492565,-0.23976305,0.10692114,0.37065458,
2,1576467200105327600,1576467200105210600,0.04201147,0.26107004,0.96440518,1.16789627,-0.25917104,0.93506426,-0.24183726,0.77963006,-0.96491724,-0.23978594,0.10694522,0.37072980,
2,1576467200116273400,1576467200116136900,0.04203460,0.26097822,0.96442902,1.16811204,-0.25920427,0.93508041,-0.24173898,0.77942455,-0.96490735,-0.23982272,0.10695240,0.37050617,
2,1576467200127421600,1576467200127315300,0.04203129,0.26100522,0.96442187,1.16784358,-0.25922635,0.93506795,-0.24176352,0.77952433,-0.96490157,-0.23984194,0.10696158,0.37057340,
2,1576467200138308000,1576467200138173100,0.04204011,0.26101995,0.96441746,1.16757798,-0.25925842,0.93505687,-0.24177210,0.77961493,-0.96489251,-0.23986924,0.10698149,0.37063754,
2,1576467200149284600,1576467200149105100,0.04206413,0.26109552,0.96439600,1.16840839,-0.25920805,0.93505192,-0.24184516,0.77940857,-0.96490502,-0.23980622,0.10701022,0.37043071,
2,1576467200160043800,1576467200159951300,0.04207563,0.26110500,0.96439290,1.16817570,-0.25920102,0.93505204,-0.24185237,0.77950537,-0.96490645,-0.23979554,0.10702160,0.37049246,
2,1576467200171427200,1576467200171272100,0.04211086,0.26112503,0.96438599,1.16793585,-0.25924429,0.93503845,-0.24185847,0.77961433,-0.96489334,-0.23982668,0.10707045,0.37055111,
2,1576467200183013500,1576467200182920900,0.04211587,0.26110125,0.96439219,1.16855574,-0.25920787,0.93505377,-0.24183828,0.77939975,-0.96490282,-0.23979282,0.10706007,0.37038338,
2,1576467200193986400,1576467200193907200,0.04213506,0.26113650,0.96438181,1.16834188,-0.25922787,0.93504113,-0.24186563,0.77950859,-0.96489662,-0.23980361,0.10709193,0.37044060,
2,1576467200205001500,1576467200204940700,0.04214612,0.26114887,0.96437800,1.16812277,-0.25923225,0.93503761,-0.24187446,0.77961755,-0.96489501,-0.23980382,0.10710642,0.37049901,
2,1576467200216152000,1576467200216093100,0.04215235,0.26114678,0.96437836,1.16877580,-0.25920501,0.93504530,-0.24187393,0.77938449,-0.96490198,-0.23977613,0.10710487,0.37031162,
2,1576467200227039200,1576467200226946600,0.04219183,0.26116264,0.96437228,1.16857815,-0.25921237,0.93504196,-0.24187900,0.77949226,-0.96489835,-0.23977190,0.10714772,0.37036622,
2,1576467200237999700,1576467200237926800,0.04216406,0.26117501,0.96437007,1.16837692,-0.25925863,0.93502563,-0.24189255,0.77960014,-0.96488714,-0.23982209,0.10713637,0.37042451,
2,1576467200248970600,1576467200248861300,0.04219478,0.26111573,0.96438479,1.16879034,-0.25924042,0.93504697,-0.24182968,0.77937317,-0.96489060,-0.23980355,0.10714588,0.37024176,
2,1576467200259856500,1576467200259806600,0.04224837,0.26116908,0.96436805,1.16859508,-0.25926301,0.93503129,-0.24186601,0.77947605,-0.96488225,-0.23980650,0.10721508,0.37028313,
2,1576467200270935800,1576467200270862900,0.04226047,0.26116192,0.96436942,1.16839623,-0.25929663,0.93502551,-0.24185240,0.77957940,-0.96487272,-0.23983693,0.10723305,0.37032831,
2,1576467200281955500,1576467200281849100,0.04215872,0.26117423,0.96437055,1.16878200,-0.25919914,0.93504030,-0.24189968,0.77946472,-0.96490330,-0.23976585,0.10711625,0.37035441,
2,1576467200292796500,1576467200292740000,0.04218644,0.26119155,0.96436471,1.16876149,-0.25918913,0.93504018,-0.24191089,0.77952039,-0.96490479,-0.23974746,0.10714400,0.37035084,
2,1576467200303945600,1576467200303831800,0.04221922,0.26123086,0.96435261,1.16857958,-0.25922975,0.93502223,-0.24193661,0.77962434,-0.96489245,-0.23977448,0.10719472,0.37040186,
2,1576467200315032400,1576467200314930400,0.04217026,0.26117706,0.96436930,1.16901898,-0.25916627,0.93504846,-0.24190326,0.77935040,-0.96491164,-0.23973086,0.10711956,0.37034476,
2,1576467200326870000,1576467200326763600,0.04221240,0.26119712,0.96436203,1.16882300,-0.25918767,0.93504077,-0.24191020,0.77944255,-0.96490407,-0.23973912,0.10716936,0.37040937,
2,1576467200337871400,1576467200337791500,0.04220784,0.26119512,0.96436274,1.16864181,-0.25919896,0.93503815,-0.24190812,0.77952826,-0.96490121,-0.23975140,0.10716742,0.37047315,
2,1576467200348698300,1576467200348593300,0.04214886,0.26120082,0.96436381,1.16891170,-0.25920027,0.93503273,-0.24192773,0.77943492,-0.96490347,-0.23976636,0.10711387,0.37042785,
2,1576467200359594600,1576467200359533300,0.04223824,0.26111335,0.96438354,1.16873956,-0.25916085,0.93507004,-0.24182574,0.77935982,-0.96491009,-0.23971616,0.10716608,0.37048602,
2,1576467200370625900,1576467200370575700,0.04222113,0.26116240,0.96437103,1.16855812,-0.25919801,0.93504745,-0.24187329,0.77943516,-0.96490085,-0.23975089,0.10717151,0.37055564,
2,1576467200381525900,1576467200381472200,0.04226580,0.26114011,0.96437508,1.16892862,-0.25925362,0.93504196,-0.24183473,0.77925396,-0.96488404,-0.23979639,0.10722184,0.37034512,
2,1576467200392582100,1576467200392505700,0.04226953,0.26112583,0.96437877,1.16888499,-0.25925842,0.93504459,-0.24181947,0.77922630,-0.96488249,-0.23980173,0.10722297,0.37035954,
2,1576467200403458400,1576467200403362900,0.04230171,0.26116133,0.96436781,1.16871119,-0.25927758,0.93503296,-0.24184400,0.77929246,-0.96487600,-0.23980856,0.10726675,0.37041092,
2,1576467200414688500,1576467200414586700,0.04229870,0.26113057,0.96437627,1.16901517,-0.25924835,0.93504775,-0.24181816,0.77916217,-0.96488398,-0.23978436,0.10724899,0.37035894,
2,1576467200425528600,1576467200425474600,0.04228520,0.26122057,0.96435249,1.16924596,-0.25926182,0.93502098,-0.24190719,0.77923572,-0.96488094,-0.23979068,0.10726205,0.37028277,
2,1576467200436724200,1576467200436628900,0.04236138,0.26124629,0.96434212,1.16908932,-0.25921494,0.93503094,-0.24191897,0.77931345,-0.96489018,-0.23972386,0.10732818,0.37033415,
2,1576467200448468700,1576467200448411000,0.04237440,0.26121947,0.96434885,1.16940498,-0.25933561,0.93500847,-0.24187641,0.77916980,-0.96485716,-0.23984061,0.10736394,0.37009847,
2,1576467200459401100,1576467200459339700,0.04238522,0.26126841,0.96433508,1.16943002,-0.25935730,0.93499148,-0.24191882,0.77922559,-0.96485090,-0.23985356,0.10739169,0.37007856,
2,1576467200470702300,1576467200470572500,0.04241273,0.26124901,0.96433914,1.16927791,-0.25934759,0.93500048,-0.24189445,0.77930343,-0.96485227,-0.23983964,0.10741019,0.37011981,
2,1576467200482403000,1576467200482307200,0.04238483,0.26129067,0.96432912,1.16977286,-0.25920984,0.93502253,-0.24195693,0.77914238,-0.96489048,-0.23970829,0.10735986,0.37011147,
2,1576467200493222000,1576467200493131600,0.04243451,0.26127821,0.96433032,1.16963959,-0.25922167,0.93502581,-0.24193156,0.77921867,-0.96488512,-0.23970906,0.10740632,0.37015820,
2,1576467200504328100,1576467200504229900,0.04245621,0.26132262,0.96431732,1.16950607,-0.25922698,0.93501467,-0.24196880,0.77930844,-0.96488279,-0.23970398,0.10743910,0.37021136,
2,1576467200515292900,1576467200515186000,0.04240513,0.26128250,0.96433043,1.16978049,-0.25929675,0.93500423,-0.24193442,0.77921140,-0.96486628,-0.23978847,0.10739866,0.37006390,
2,1576467200526472600,1576467200526358900,0.04244766,0.26116973,0.96435916,1.16956472,-0.25929090,0.93503660,-0.24181551,0.77911067,-0.96486598,-0.23978505,0.10740903,0.37013960,
2,1576467200538258000,1576467200538162500,0.04246280,0.26120126,0.96434993,1.16941214,-0.25931337,0.93502408,-0.24183990,0.77919042,-0.96485931,-0.23979963,0.10743666,0.37018812,
2,1576467200549150800,1576467200549076900,0.04235134,0.26127312,0.96433532,1.16982698,-0.25915486,0.93503851,-0.24195407,0.77908516,-0.96490675,-0.23966509,0.10731032,0.37032104,
2,1576467200560695700,1576467200560493100,0.04239511,0.26128817,0.96432936,1.16981363,-0.25912052,0.93504596,-0.24196196,0.77909744,-0.96491408,-0.23961949,0.10734648,0.37036109,
2,1576467200572121400,1576467200572006600,0.04242268,0.26128918,0.96432781,1.16968560,-0.25916919,0.93503535,-0.24195090,0.77917612,-0.96489978,-0.23965988,0.10738480,0.37043381,
2,1576467200582919100,1576467200582825700,0.04246446,0.26123261,0.96434134,1.17000532,-0.25932309,0.93501389,-0.24186884,0.77904105,-0.96485656,-0.23980513,0.10744849,0.37014067,
2,1576467200594109600,1576467200594013800,0.04248580,0.26126802,0.96433079,1.17005944,-0.25928721,0.93501526,-0.24190202,0.77906084,-0.96486527,-0.23976123,0.10746831,0.37014091,
2,1576467200605092300,1576467200605019800,0.04247141,0.26126468,0.96433234,1.16994429,-0.25930759,0.93501014,-0.24190000,0.77913308,-0.96486044,-0.23978485,0.10745910,0.37019062,
2,1576467200616030400,1576467200615922700,0.04374924,0.26088277,0.96437860,1.17005539,-0.25930360,0.93518633,-0.24122234,0.77866256,-0.96480441,-0.23951355,0.10856152,0.36974335,
2,1576467200627080700,1576467200626968700,0.04400796,0.26081830,0.96438432,1.16987181,-0.25931248,0.93521631,-0.24109653,0.77861238,-0.96479028,-0.23946673,0.10879043,0.36969113,
2,1576467200637944700,1576467200637876900,0.04425368,0.26078877,0.96438098,1.16967297,-0.25935334,0.93522877,-0.24100414,0.77854633,-0.96476805,-0.23945013,0.10902378,0.36962080,
2,1576467200648924100,1576467200648830600,0.04478422,0.25990969,0.96459383,1.17022157,-0.25932229,0.93548852,-0.24002746,0.77873099,-0.96475190,-0.23939121,0.10929552,0.36976182,
2,1576467200660195500,1576467200660090700,0.04513711,0.25977775,0.96461296,1.17010379,-0.25930297,0.93554789,-0.23981677,0.77875292,-0.96474069,-0.23930234,0.10958907,0.36975729,
2,1576467200671988000,1576467200671857500,0.04544660,0.25961614,0.96464187,1.16997290,-0.25931802,0.93560338,-0.23958385,0.77877891,-0.96472210,-0.23926076,0.10984316,0.36975908,
2,1576467200682994900,1576467200682907700,0.04671931,0.25958201,0.96459031,1.17026615,-0.25946945,0.93565267,-0.23922737,0.77870047,-0.96462059,-0.23910517,0.11106664,0.37015402,
2,1576467200693854300,1576467200693732000,0.04685834,0.26042148,0.96435726,1.17027497,-0.25992489,0.93533969,-0.23995554,0.77837479,-0.96449119,-0.23941652,0.11151850,0.37022781,
2,1576467200704803200,1576467200704720900,0.04724738,0.26035517,0.96435618,1.17020726,-0.25998053,0.93536639,-0.23979118,0.77832663,-0.96445727,-0.23938429,0.11188090,0.37033296,
2,1576467200716101500,1576467200716014200,0.04692581,0.25711179,0.96524167,1.17111111,-0.25916147,0.93635094,-0.23681685,0.77855933,-0.96469331,-0.23904061,0.11057249,0.36980462,
2,1576467200727727100,1576467200727618400,0.04727894,0.25681183,0.96530426,1.17113566,-0.25915584,0.93644732,-0.23644166,0.77859819,-0.96467757,-0.23898551,0.11082852,0.36984527,
2,1576467200738875100,1576467200738778600,0.04760247,0.25652730,0.96536398,1.17116475,-0.25916144,0.93653518,-0.23608722,0.77863824,-0.96466017,-0.23894680,0.11106339,0.36988902,
2,1576467200750853400,1576467200750780200,0.04637057,0.25719091,0.96524739,1.17199111,-0.25916106,0.93629783,-0.23702715,0.77814269,-0.96472037,-0.23916343,0.11007053,0.36943960,
2,1576467200762591900,1576467200762496700,0.04661992,0.25692320,0.96530664,1.17210913,-0.25916389,0.93637800,-0.23670721,0.77811670,-0.96470755,-0.23913732,0.11023912,0.36942768,
2,1576467200773674300,1576467200773572400,0.04632077,0.25669152,0.96538270,1.17204881,-0.25887415,0.93648845,-0.23658741,0.77817118,-0.96479976,-0.23895369,0.10982966,0.36949301,
2,1576467200784641400,1576467200784527700,0.04640743,0.25672194,0.96537042,1.17292547,-0.25895244,0.93646681,-0.23658720,0.77787924,-0.96477455,-0.23900561,0.10993779,0.36922026,
2,1576467200795622600,1576467200795511900,0.04664478,0.25650293,0.96541721,1.17311263,-0.25896710,0.93653125,-0.23631600,0.77783334,-0.96475917,-0.23898840,0.11011013,0.36918855,
2,1576467200806674000,1576467200806583000,0.04688808,0.25628564,0.96546316,1.17331004,-0.25892097,0.93661058,-0.23605202,0.77778614,-0.96475971,-0.23891062,0.11027360,0.36915731,
2,1576467200818589500,1576467200818488300,0.04496640,0.25674257,0.96543318,1.17436457,-0.25875691,0.93642265,-0.23697568,0.77712178,-0.96489525,-0.23915654,0.10854146,0.36845267,
2,1576467200830511900,1576467200830398800,0.04509154,0.25651705,0.96548724,1.17466855,-0.25873756,0.93649036,-0.23672903,0.77699196,-0.96489459,-0.23913333,0.10859841,0.36834645,
2,1576467200841368500,1576467200841314600,0.04519162,0.25634685,0.96552783,1.17496133,-0.25873715,0.93653828,-0.23653995,0.77686834,-0.96489000,-0.23912829,0.10865012,0.36824262,
2,1576467200852708000,1576467200852615400,0.04489776,0.25625151,0.96556681,1.17451572,-0.25843132,0.93661958,-0.23655246,0.77703905,-0.96498567,-0.23891202,0.10827553,0.36834919,
2,1576467200864413300,1576467200864341400,0.04482225,0.25614503,0.96559864,1.17570519,-0.25834334,0.93666285,-0.23647714,0.77667367,-0.96501279,-0.23885652,0.10815665,0.36793745,
2,1576467200875631500,1576467200875554700,0.04493222,0.25594717,0.96564591,1.17605233,-0.25833100,0.93672097,-0.23626019,0.77654529,-0.96501094,-0.23884059,0.10820803,0.36780214,
2,1576467200887408800,1576467200887322400,0.04430106,0.25647026,0.96553630,1.17616010,-0.25821108,0.93658423,-0.23693256,0.77650630,-0.96507221,-0.23881578,0.10771510,0.36774838,
2,1576467200898075600,1576467200897977500,0.04439273,0.25629088,0.96557969,1.17650795,-0.25815630,0.93664736,-0.23674265,0.77637386,-0.96508265,-0.23876083,0.10774341,0.36761439,
2,1576467200909253400,1576467200909106100,0.04395741,0.25634822,0.96558440,1.17580390,-0.25786611,0.93667865,-0.23693505,0.77669191,-0.96518022,-0.23857644,0.10727748,0.36785305,
2,1576467200920165700,1576467200920019800,0.04382718,0.25664300,0.96551204,1.17646146,-0.25799751,0.93656588,-0.23723759,0.77636826,-0.96515095,-0.23870222,0.10726032,0.36762202,
2,1576467200931239200,1576467200931177500,0.04387468,0.25651380,0.96554422,1.17680144,-0.25797206,0.93660676,-0.23710373,0.77623081,-0.96515566,-0.23868054,0.10726675,0.36749458,
2,1576467200941970300,1576467200941877800,0.04359779,0.25655046,0.96554703,1.17646766,-0.25771189,0.93664527,-0.23723453,0.77637732,-0.96523768,-0.23849005,0.10695174,0.36762452,
2,1576467200953061100,1576467200952983400,0.04359293,0.25679028,0.96548355,1.17672443,-0.25793239,0.93653154,-0.23744391,0.77626920,-0.96517897,-0.23867857,0.10706067,0.36752450,
2,1576467200963984900,1576467200963891000,0.04364261,0.25666812,0.96551371,1.17704487,-0.25791717,0.93656832,-0.23731519,0.77613807,-0.96518081,-0.23866552,0.10707337,0.36740232,
2,1576467200974990400,1576467200974895100,0.04285336,0.25696576,0.96546996,1.17653179,-0.25733647,0.93659055,-0.23785722,0.77637649,-0.96537119,-0.23825762,0.10626268,0.36773121,
2,1576467200986041800,1576467200985946000,0.04279849,0.25726238,0.96539330,1.17681193,-0.25756302,0.93645817,-0.23813315,0.77626109,-0.96531314,-0.23845786,0.10634029,0.36763930,
2,1576467200997264700,1576467200997147100,0.04277718,0.25716394,0.96542048,1.17710853,-0.25754529,0.93648553,-0.23804471,0.77614009,-0.96531880,-0.23845662,0.10629153,0.36755061,
2,1576467201008983000,1576467201008892900,0.04268280,0.25707525,0.96544826,1.17649770,-0.25748962,0.93651539,-0.23798743,0.77637458,-0.96533787,-0.23843491,0.10616729,0.36766827,
2,1576467201019944900,1576467201019851200,0.04279053,0.25651988,0.96559125,1.17662191,-0.25748882,0.93665886,-0.23742300,0.77612734,-0.96533328,-0.23846948,0.10613108,0.36761951,
2,1576467201030882700,1576467201030793500,0.04278964,0.25643495,0.96561384,1.17686391,-0.25742936,0.93669438,-0.23734732,0.77599931,-0.96534920,-0.23842135,0.10609469,0.36754274,
2,1576467201041901600,1576467201041782000,0.04264596,0.25635865,0.96564049,1.17632699,-0.25734478,0.93672532,-0.23731700,0.77617788,-0.96537811,-0.23838192,0.10592014,0.36766171,
2,1576467201053002900,1576467201052900400,0.04253471,0.25669691,0.96555549,1.17662859,-0.25757223,0.93657917,-0.23764685,0.77603126,-0.96532238,-0.23859204,0.10595512,0.36754751,
2,1576467201064847300,1576467201064759300,0.04253960,0.25661832,0.96557617,1.17686987,-0.25752318,0.93661094,-0.23757482,0.77589905,-0.96533525,-0.23855191,0.10592821,0.36746109,
2,1576467201075868500,1576467201075792600,0.04256019,0.25651035,0.96560395,1.17709374,-0.25746801,0.93665236,-0.23747124,0.77576947,-0.96534902,-0.23850530,0.10590729,0.36737847,
2,1576467201086891500,1576467201086772500,0.04230961,0.25768408,0.96530241,1.17666936,-0.25776315,0.93627471,-0.23863736,0.77611077,-0.96528137,-0.23872273,0.10603485,0.36754239,
2,1576467201097794400,1576467201097731600,0.04229468,0.25760624,0.96532387,1.17688966,-0.25774217,0.93629825,-0.23856775,0.77601004,-0.96528757,-0.23871450,0.10599643,0.36747038,
2,1576467201109022600,1576467201108866200,0.04231805,0.25754157,0.96534008,1.17711759,-0.25766021,0.93633592,-0.23850845,0.77590847,-0.96530843,-0.23863649,0.10598212,0.36739707,
2,1576467201120721600,1576467201120637400,0.04097390,0.25770077,0.96535558,1.17713237,-0.25693971,0.93639237,-0.23906344,0.77586615,-0.96555835,-0.23824281,0.10458121,0.36768770,
2,1576467201131651500,1576467201131531200,0.04095069,0.25762677,0.96537638,1.17736220,-0.25688127,0.93642366,-0.23900355,0.77576029,-0.96557498,-0.23819971,0.10452670,0.36765027,
2,1576467201142633400,1576467201142527700,0.04074416,0.25763118,0.96538389,1.17741966,-0.25671780,0.93645030,-0.23907489,0.77572775,-0.96562713,-0.23809032,0.10429341,0.36768103,
2,1576467201154477600,1576467201154386600,0.04070470,0.25835255,0.96519274,1.17706251,-0.25706562,0.93618315,-0.23974644,0.77601647,-0.96553624,-0.23835906,0.10452059,0.36784863,
2,1576467201166438000,1576467201166315700,0.04069197,0.25830719,0.96520543,1.17730212,-0.25707856,0.93619043,-0.23970409,0.77592564,-0.96553338,-0.23837958,0.10450068,0.36780584,
2,1576467201178177200,1576467201177994900,0.04162198,0.25819448,0.96519589,1.17681599,-0.25754210,0.93616092,-0.23932154,0.77610540,-0.96537018,-0.23861752,0.10546085,0.36780012,
2,1576467201189010800,1576467201188950600,0.04166266,0.25808585,0.96522319,1.17678142,-0.25760716,0.93617427,-0.23919933,0.77610278,-0.96535110,-0.23868272,0.10548827,0.36782122,
2,1576467201200323300,1576467201200219900,0.04165316,0.25803736,0.96523660,1.17697048,-0.25757816,0.93619287,-0.23915772,0.77602267,-0.96535921,-0.23866220,0.10546017,0.36777318,
2,1576467201211069600,1576467201210992400,0.04144165,0.25808668,0.96523249,1.17688990,-0.25740775,0.93620980,-0.23927489,0.77606153,-0.96541381,-0.23854238,0.10523158,0.36784649,
2,1576467201221985800,1576467201221914200,0.04147285,0.25750780,0.96538579,1.17684650,-0.25735736,0.93636751,-0.23871139,0.77597141,-0.96542591,-0.23854908,0.10510534,0.36787796,
2,1576467201233029400,1576467201232950400,0.04148486,0.25741884,0.96540898,1.17701912,-0.25733599,0.93639547,-0.23862454,0.77588844,-0.96543109,-0.23853517,0.10508937,0.36783862,
2,1576467201243980400,1576467201243906400,0.04240006,0.25737721,0.96538031,1.17631269,-0.25780371,0.93634605,-0.23831356,0.77614236,-0.96526647,-0.23877412,0.10605392,0.36788583,
2,1576467201254926200,1576467201254852300,0.04232469,0.25795698,0.96522886,1.17643356,-0.25800496,0.93614835,-0.23887186,0.77621210,-0.96521604,-0.23892367,0.10617635,0.36784923,
2,1576467201265892900,1576467201265816300,0.04235968,0.25788924,0.96524543,1.17658710,-0.25798023,0.93617332,-0.23880045,0.77614772,-0.96522117,-0.23889872,0.10618636,0.36779130,
2,1576467201276868700,1576467201276782500,0.04257840,0.25792411,0.96522647,1.17612505,-0.25808981,0.93615097,-0.23876972,0.77632463,-0.96518219,-0.23894867,0.10642743,0.36786568,
2,1576467201288028800,1576467201287915500,0.04262885,0.25715432,0.96542960,1.17633629,-0.25788084,0.93639588,-0.23803401,0.77601945,-0.96523583,-0.23881868,0.10623261,0.36777329,
2,1576467201299024000,1576467201298940500,0.04266036,0.25708941,0.96544552,1.17645645,-0.25787097,0.93641627,-0.23796459,0.77594388,-0.96523708,-0.23880872,0.10624373,0.36771548,
2,1576467201310723600,1576467201310630800,0.04265627,0.25712407,0.96543646,1.17618656,-0.25784039,0.93641502,-0.23800254,0.77602971,-0.96524537,-0.23877621,0.10624096,0.36777329,
