1576467422344410800,1576470210,463.17965698,0.00000000,1500.00000000,0.00000000,0.00000000,0.00000000
1576467422386451300,1576470210,463.19281006,0.00000000,1500.00000000,0.00000000,0.00000000,0.00000000
1576467422430427800,1576470210,463.24548340,0.00000000,1500.00000000,0.00000000,0.00000000,0.00000000
1576467422472528000,1576470210,463.29809570,0.00000000,1500.00000000,0.00000000,0.00000000,0.00000000
1576467422513352200,1576470210,463.35073853,0.00000000,1500.00000000,0.00000000,0.00000000,0.00000000
1576467422555056000,1576470210,463.40338135,0.00000000,1500.00000000,0.00000000,0.00000000,0.00000000
1576467422598764400,1576470210,463.45599365,0.00000000,1500.00000000,0.00000000,0.00000000,0.00000000
1576467422639762700,1576470210,463.52178955,0.00000000,1500.00000000,0.00000000,0.00000000,0.00000000
1576467422682341500,1576470210,463.57443237,0.00000000,1500.00000000,0.00000000,0.00000000,0.00000000
1576467422725242700,1576470210,463.62704468,0.00000000,1500.00000000,0.00000000,0.00000000,0.00000000
1576467422767785600,1576470210,463.67968750,0.00000000,1500.00000000,0.00000000,0.00000000,0.00000000
1576467422808607700,1576470210,463.74545288,0.00000000,1500.00000000,0.00000000,0.00000000,0.00000000
1576467422849613000,1576470210,463.79809570,0.00000000,1500.00000000,0.00000000,0.00000000,0.00000000
1576467422892139300,1576470210,463.85073853,0.00000000,1500.00000000,0.00000000,0.00000000,0.00000000
1576467422933398800,1576470210,463.90335083,0.00000000,1500.00000000,0.00000000,0.00000000,0.00000000
1576467422974432500,1576470210,463.95599365,0.00000000,1500.00000000,0.00000000,0.00000000,0.00000000
1576467423016138100,1576470210,464.00863647,0.00000000,1500.00000000,0.00000000,0.00000000,0.00000000
1576467423058204000,1576470210,464.07440186,0.00000000,1500.00000000,0.00000000,0.00000000,0.00000000
1576467423099462500,1576470210,464.12704468,0.00000000,1500.00000000,0.00000000,0.00000000,0.00000000
1576467423140646200,1576470210,464.17965698,0.00000000,1500.00000000,0.00000000,0.00000000,0.00000000
1576467423182036500,1576470210,464.23229980,0.00000000,1500.00000000,0.00000000,0.00000000,0.00000000
1576467423223621500,1576470211,464.28491211,0.00000000,1500.00000000,0.00000000,0.00000000,0.00000000
1576467423264819800,1576470211,464.33755493,0.00000000,1500.00000000,0.00000000,0.00000000,0.00000000
1576467423305484100,1576470211,464.40335083,0.00000000,1500.00000000,0.00000000,0.00000000,0.00000000
1576467423346230400,1576470211,464.45596313,0.00000000,1500.00000000,0.00000000,0.00000000,0.00000000
1576467423388188500,1576470211,464.50857544,0.00000000,1500.00000000,0.00000000,0.00000000,0.00000000
1576467423430563700,1576470211,464.56121826,0.00000000,1500.00000000,0.00000000,0.00000000,0.00000000
1576467423473614500,1576470211,464.61383057,0.00000000,1500.00000000,0.00000000,0.00000000,0.00000000
1576467423514680000,1576470211,464.66644287,0.00000000,1500.00000000,0.00000000,0.00000000,0.00000000
1576467423555749200,1576470211,464.73223877,0.00000000,1500.00000000,0.00000000,0.00000000,0.00000000
1576467423595701700,1576470211,464.78488159,0.00000000,1500.00000000,0.00000000,0.00000000,0.00000000
1576467423636487200,1576470211,464.83752441,0.00000000,1500.00000000,0.00000000,0.00000000,0.00000000
1576467423677482200,1576470211,464.89010620,0.00000000,1500.00000000,0.00000000,0.00000000,0.00000000
1576467423718531100,1576470211,464.94274902,0.00000000,1500.00000000,0.00000000,0.00000000,0.00000000
1576467423759760900,1576470211,464.99536133,0.00000000,1500.00000000,0.00000000,0.00000000,0.00000000
1576467423800572400,1576470211,465.04800415,0.00000000,1500.00000000,0.00000000,0.00000000,0.00000000
1576467423841971000,1576470211,465.10061646,0.00000000,1500.00000000,0.00000000,0.00000000,0.00000000
1576467423883695200,1576470211,465.15322876,0.00000000,1500.00000000,0.00000000,0.00000000,0.00000000
1576467423926453200,1576470211,465.20584106,0.00000000,1500.00000000,0.00000000,0.00000000,0.00000000
1576467423967698500,1576470211,465.27163696,0.00000000,1500.00000000,0.00000000,0.00000000,0.00000000
1576467424008475800,1576470211,465.32424927,0.00000000,1500.00000000,0.00000000,0.00000000,0.00000000
1576467424050214000,1576470211,465.37689209,0.00000000,1500.00000000,0.00000000,0.00000000,0.00000000
1576467424090974500,1576470211,465.42950439,0.00000000,1500.00000000,0.00000000,0.00000000,0.00000000
1576467424132954600,1576470211,465.48214722,0.00000000,1500.00000000,0.00000000,0.00000000,0.00000000
1576467424174785600,1576470211,465.53475952,0.00000000,1500.00000000,0.00000000,0.00000000,0.00000000
1576467424215769300,1576470212,465.60052490,0.00000000,1500.00000000,0.00000000,0.00000000,0.00000000
1576467424256478400,1576470212,465.65316772,0.00000000,1500.00000000,0.00000000,0.00000000,0.00000000
1576467424297565100,1576470212,465.70578003,0.00000000,1500.00000000,0.00000000,0.00000000,0.00000000
1576467424337751000,1576470212,465.75842285,0.00000000,1500.00000000,0.00000000,0.00000000,0.00000000
1576467424379204900,1576470212,465.81103516,0.00000000,1500.00000000,0.00000000,0.00000000,0.00000000
1576467424420691200,1576470212,465.86364746,0.00000000,1500.00000000,0.00000000,0.00000000,0.00000000
1576467424461632500,1576470212,465.91629028,0.00000000,1500.00000000,0.00000000,0.00000000,0.00000000
1576467424502580200,1576470212,465.96893311,0.00000000,1500.00000000,0.00000000,0.00000000,0.00000000
1576467424542981700,1576470212,466.02151489,0.00000000,1500.00000000,0.00000000,0.00000000,0.00000000
1576467424583916700,1576470212,466.07415771,0.00000000,1500.00000000,0.00000000,0.00000000,0.00000000
1576467424626107900,1576470212,466.12680054,0.00000000,1500.00000000,0.00000000,0.00000000,0.00000000
1576467424667678800,1576470212,466.19256592,0.00000000,1500.00000000,0.00000000,0.00000000,0.00000000
1576467424708607800,1576470212,466.24517822,0.00000000,1500.00000000,0.00000000,0.00000000,0.00000000
1576467424749745600,1576470212,466.29779053,0.00000000,1500.00000000,0.00000000,0.00000000,0.00000000
1576467424792416600,1576470212,466.35043335,0.00000000,1500.00000000,0.00000000,0.00000000,0.00000000
1576467424835402900,1576470212,466.40304565,0.00000000,1500.00000000,0.00000000,0.00000000,0.00000000
1576467424876219200,1576470212,466.45568848,0.00000000,1500.00000000,0.00000000,0.00000000,0.00000000
1576467424920179300,1576470212,466.52148438,0.00000000,1500.00000000,0.00000000,0.00000000,0.00000000
1576467424962150700,1576470212,466.57409668,0.00000000,1500.00000000,0.00000000,0.00000000,0.00000000
1576467425003920600,1576470212,466.62673950,0.00000000,1500.00000000,0.00000000,0.00000000,0.00000000
1576467425044720100,1576470212,466.67935181,0.00000000,1500.00000000,0.00000000,0.00000000,0.00000000
1576467425086184100,1576470212,466.74511719,0.00000000,1500.00000000,0.00000000,0.00000000,0.00000000
1576467425128472900,1576470212,466.79776001,0.00000000,1500.00000000,0.00000000,0.00000000,0.00000000
1576467425169394400,1576470212,466.85037231,0.00000000,1500.00000000,0.00000000,0.00000000,0.00000000
1576467425210282700,1576470213,466.90301514,0.00000000,1500.00000000,0.00000000,0.00000000,0.00000000
1576467425252108800,1576470213,466.95562744,0.00000000,1500.00000000,0.00000000,0.00000000,0.00000000
1576467425292968200,1576470213,467.00827026,0.00000000,1500.00000000,0.00000000,0.00000000,0.00000000
1576467425335025800,1576470213,467.06091309,0.00000000,1500.00000000,0.00000000,0.00000000,0.00000000
1576467425376932900,1576470213,467.12667847,0.00000000,1500.00000000,0.00000000,0.00000000,0.00000000
1576467425422767800,1576470213,467.17932129,0.00000000,1500.00000000,0.00000000,0.00000000,0.00000000
1576467425463722100,1576470213,467.23193359,0.00000000,1500.00000000,0.00000000,0.00000000,0.00000000
1576467425504448700,1576470213,467.28454590,0.00000000,1500.00000000,0.00000000,0.00000000,0.00000000
1576467425547337800,1576470213,467.35034180,0.00000000,1500.00000000,0.00000000,0.00000000,0.00000000
1576467425588421000,1576470213,467.40295410,0.00000000,1500.00000000,0.00000000,0.00000000,0.00000000
1576467425630130200,1576470213,467.45559692,0.00000000,1500.00000000,0.00000000,0.00000000,0.00000000
1576467425671316200,1576470213,467.50820923,0.00000000,1500.00000000,0.00000000,0.00000000,0.00000000
1576467425713417200,1576470213,467.56082153,0.00000000,1500.00000000,0.00000000,0.00000000,0.00000000
1576467425755140600,1576470213,467.61349487,0.00000000,1500.00000000,0.00000000,0.00000000,0.00000000
1576467425797027800,1576470213,467.67926025,0.00000000,1500.00000000,0.00000000,0.00000000,0.00000000
1576467425840054500,1576470213,467.73190308,0.00000000,1500.00000000,0.00000000,0.00000000,0.00000000
1576467425883635900,1576470213,467.78451538,0.00000000,1500.00000000,0.00000000,0.00000000,0.00000000
1576467425925256100,1576470213,467.83715820,0.00000000,1500.00000000,0.00000000,0.00000000,0.00000000
1576467425967069700,1576470213,467.90292358,0.00000000,1500.00000000,0.00000000,0.00000000,0.00000000
1576467426008982200,1576470213,467.95556641,0.00000000,1500.00000000,0.00000000,0.00000000,0.00000000
1576467426050970900,1576470213,468.00817871,0.00000000,1500.00000000,0.00000000,0.00000000,0.00000000
1576467426092694600,1576470213,468.06079102,0.00000000,1500.00000000,0.00000000,0.00000000,0.00000000
1576467426133810800,1576470213,468.11346436,0.00000000,1500.00000000,0.00000000,0.00000000,0.00000000
1576467426174541300,1576470213,468.16604614,0.00000000,1500.00000000,0.00000000,0.00000000,0.00000000
1576467426216917900,1576470214,468.23184204,0.00000000,1500.00000000,0.00000000,0.00000000,0.00000000
1576467426258317400,1576470214,468.28448486,0.00000000,1500.00000000,0.00000000,0.00000000,0.00000000
1576467426299435700,1576470214,468.33709717,0.00000000,1500.00000000,0.00000000,0.00000000,0.00000000
1576467426340139100,1576470214,468.38973999,0.00000000,1500.00000000,0.00000000,0.00000000,0.00000000
1576467426382096400,1576470214,468.44238281,0.00000000,1500.00000000,0.00000000,0.00000000,0.00000000
1576467426426076400,1576470214,468.49499512,0.00000000,1500.00000000,0.00000000,0.00000000,0.00000000
1576467426467724400,1576470214,468.56082153,0.00000000,1500.00000000,0.00000000,0.00000000,0.00000000
1576467426508699000,1576470214,468.61340332,0.00000000,1500.00000000,0.00000000,0.00000000,0.00000000
1576467426549762700,1576470214,468.66604614,0.00000000,1500.00000000,0.00000000,0.00000000,0.00000000
1576467426590903200,1576470214,468.71868896,0.00000000,1500.00000000,0.00000000,0.00000000,0.00000000
1576467426631342200,1576470214,468.77130127,0.00000000,1500.00000000,0.00000000,0.00000000,0.00000000
1576467426672951700,1576470214,468.82394409,0.00000000,1500.00000000,0.00000000,0.00000000,0.00000000
1576467426715127500,1576470214,468.87655640,0.00000000,1500.00000000,0.00000000,0.00000000,0.00000000
1576467426757159300,1576470214,468.94235229,0.00000000,1500.00000000,0.00000000,0.00000000,0.00000000
1576467426798865800,1576470214,468.99499512,0.00000000,1500.00000000,0.00000000,0.00000000,0.00000000
1576467426839842800,1576470214,469.04760742,0.00000000,1500.00000000,0.00000000,0.00000000,0.00000000
1576467426880563400,1576470214,469.10025024,0.00000000,1500.00000000,0.00000000,0.00000000,0.00000000
1576467426921811100,1576470214,469.15289307,0.00000000,1500.00000000,0.00000000,0.00000000,0.00000000
1576467426962430300,1576470214,469.20553589,0.00000000,1500.00000000,0.00000000,0.00000000,0.00000000
1576467427008186300,1576470214,469.25814819,0.00000000,1500.00000000,0.00000000,0.00000000,0.00000000
1576467427051001100,1576470214,469.32394409,0.00000000,1500.00000000,0.00000000,0.00000000,0.00000000
1576467427093098000,1576470214,469.37655640,0.00000000,1500.00000000,0.00000000,0.00000000,0.00000000
1576467427135003900,1576470214,469.42919922,0.00000000,1500.00000000,0.00000000,0.00000000,0.00000000
1576467427177134200,1576470214,469.49499512,0.00000000,1500.00000000,0.00000000,0.00000000,0.00000000
1576467427219235800,1576470215,469.54760742,0.00000000,1500.00000000,0.00000000,0.00000000,0.00000000
1576467427260978800,1576470215,469.60025024,0.00000000,1500.00000000,0.00000000,0.00000000,0.00000000
1576467427302792500,1576470215,469.65286255,0.00000000,1500.00000000,0.00000000,0.00000000,0.00000000
1576467427343665300,1576470215,469.70550537,0.00000000,1500.00000000,0.00000000,0.00000000,0.00000000
1576467427384855600,1576470215,469.75814819,0.00000000,1500.00000000,0.00000000,0.00000000,0.00000000
1576467427425503100,1576470215,469.82394409,0.00000000,1500.00000000,0.00000000,0.00000000,0.00000000
1576467427466956100,1576470215,469.87655640,0.00000000,1500.00000000,0.00000000,0.00000000,0.00000000
1576467427508373700,1576470215,469.92919922,0.00000000,1500.00000000,0.00000000,0.00000000,0.00000000
1576467427549397700,1576470215,469.98184204,0.00000000,1500.00000000,0.00000000,0.00000000,0.00000000
1576467427590185700,1576470215,470.03445435,0.00000000,1500.00000000,0.00000000,0.00000000,0.00000000
1576467427632316500,1576470215,470.08709717,0.00000000,1500.00000000,0.00000000,0.00000000,0.00000000
1576467427673226600,1576470215,470.13973999,0.00000000,1500.00000000,0.00000000,0.00000000,0.00000000
1576467427716356600,1576470215,470.19235229,0.00000000,1500.00000000,0.00000000,0.00000000,0.00000000
1576467427757868200,1576470215,470.25817871,0.00000000,1500.00000000,0.00000000,0.00000000,0.00000000
1576467427798638100,1576470215,470.31079102,0.00000000,1500.00000000,0.00000000,0.00000000,0.00000000
1576467427839756800,1576470215,470.36343384,0.00000000,1500.00000000,0.00000000,0.00000000,0.00000000
1576467427880427000,1576470215,470.41607666,0.00000000,1500.00000000,0.00000000,0.00000000,0.00000000
1576467427921933200,1576470215,470.46868896,0.00000000,1500.00000000,0.00000000,0.00000000,0.00000000
1576467427962183900,1576470215,470.52133179,0.00000000,1500.00000000,0.00000000,0.00000000,0.00000000
1576467428004257600,1576470215,470.57397461,0.00000000,1500.00000000,0.00000000,0.00000000,0.00000000
1576467428047455100,1576470215,470.62658691,0.00000000,1500.00000000,0.00000000,0.00000000,0.00000000
1576467428088755300,1576470215,470.69238281,0.00000000,1500.00000000,0.00000000,0.00000000,0.00000000
1576467428130004100,1576470215,470.74499512,0.00000000,1500.00000000,0.00000000,0.00000000,0.00000000
1576467428171723800,1576470215,470.79766846,0.00000000,1500.00000000,0.00000000,0.00000000,0.00000000
1576467428212543100,1576470216,470.85028076,0.00000000,1500.00000000,0.00000000,0.00000000,0.00000000
1576467428255742600,1576470216,470.90292358,0.00000000,1500.00000000,0.00000000,0.00000000,0.00000000
1576467428296261600,1576470216,470.96871948,0.00000000,1500.00000000,0.00000000,0.00000000,0.00000000
1576467428337112700,1576470216,471.02136230,0.00000000,1500.00000000,0.00000000,0.00000000,0.00000000
1576467428379011200,1576470216,471.07400513,0.00000000,1500.00000000,0.00000000,0.00000000,0.00000000
1576467428427834400,1576470216,471.12661743,0.00000000,1500.00000000,0.00000000,0.00000000,0.00000000
1576467428472451300,1576470216,471.19241333,0.00000000,1500.00000000,0.00000000,0.00000000,0.00000000
1576467428513697400,1576470216,471.24505615,0.00000000,1500.00000000,0.00000000,0.00000000,0.00000000
1576467428557458800,1576470216,471.29766846,0.00000000,1500.00000000,0.00000000,0.00000000,0.00000000
1576467428599211800,1576470216,471.36346436,0.00000000,1500.00000000,0.00000000,0.00000000,0.00000000
1576467428640750000,1576470216,471.41610718,0.00000000,1500.00000000,0.00000000,0.00000000,0.00000000
1576467428682081500,1576470216,471.46875000,0.00000000,1500.00000000,0.00000000,0.00000000,0.00000000
1576467428723454100,1576470216,471.52139282,0.00000000,1500.00000000,0.00000000,0.00000000,0.00000000
1576467428764617700,1576470216,471.57403564,0.00000000,1500.00000000,0.00000000,0.00000000,0.00000000
1576467428805131800,1576470216,471.63980103,0.00000000,1500.00000000,0.00000000,0.00000000,0.00000000
1576467428846987100,1576470216,471.69244385,0.00000000,1500.00000000,0.00000000,0.00000000,0.00000000
1576467428889931300,1576470216,471.74508667,0.00000000,1500.00000000,0.00000000,0.00000000,0.00000000
1576467428932283100,1576470216,471.79772949,0.00000000,1500.00000000,0.00000000,0.00000000,0.00000000
1576467428975339000,1576470216,471.85037231,0.00000000,1500.00000000,0.00000000,0.00000000,0.00000000
1576467429016404200,1576470216,471.90301514,0.00000000,1500.00000000,0.00000000,0.00000000,0.00000000
1576467429057032200,1576470216,471.96878052,0.00000000,1500.00000000,0.00000000,0.00000000,0.00000000
1576467429098655300,1576470216,472.02145386,0.00000000,1500.00000000,0.00000000,0.00000000,0.00000000
1576467429142679400,1576470216,472.07406616,0.00000000,1500.00000000,0.00000000,0.00000000,0.00000000
1576467429183327000,1576470216,472.12673950,0.00000000,1500.00000000,0.00000000,0.00000000,0.00000000
1576467429224437900,1576470217,472.17938232,0.00000000,1500.00000000,0.00000000,0.00000000,0.00000000
1576467429265219100,1576470217,472.24517822,0.00000000,1500.00000000,0.00000000,0.00000000,0.00000000
1576467429307165000,1576470217,472.29782104,0.00000000,1500.00000000,0.00000000,0.00000000,0.00000000
1576467429349763700,1576470217,472.35046387,0.00000000,1500.00000000,0.00000000,0.00000000,0.00000000
1576467429391185600,1576470217,472.40307617,0.00000000,1500.00000000,0.00000000,0.00000000,0.00000000
1576467429433699600,1576470217,472.45574951,0.00000000,1500.00000000,0.00000000,0.00000000,0.00000000
1576467429474585800,1576470217,472.50839233,0.00000000,1500.00000000,0.00000000,0.00000000,0.00000000
1576467429516187300,1576470217,472.57418823,0.00000000,1500.00000000,0.00000000,0.00000000,0.00000000
1576467429557610200,1576470217,472.62683105,0.00000000,1500.00000000,0.00000000,0.00000000,0.00000000
1576467429598552200,1576470217,472.67947388,0.00000000,1500.00000000,0.00000000,0.00000000,0.00000000
1576467429640240700,1576470217,472.73211670,0.00000000,1500.00000000,0.00000000,0.00000000,0.00000000
1576467429683036400,1576470217,472.78475952,0.00000000,1500.00000000,0.00000000,0.00000000,0.00000000
1576467429723838500,1576470217,472.83737183,0.00000000,1500.00000000,0.00000000,0.00000000,0.00000000
1576467429765294200,1576470217,472.89004517,0.00000000,1500.00000000,0.00000000,0.00000000,0.00000000
1576467429805774800,1576470217,472.95584106,0.00000000,1500.00000000,0.00000000,0.00000000,0.00000000
1576467429845889300,1576470217,473.00845337,0.00000000,1500.00000000,0.00000000,0.00000000,0.00000000
1576467429887546700,1576470217,473.06109619,0.00000000,1500.00000000,0.00000000,0.00000000,0.00000000
1576467429928386800,1576470217,473.11376953,0.00000000,1500.00000000,0.00000000,0.00000000,0.00000000
1576467429969198200,1576470217,473.16638184,0.00000000,1500.00000000,0.00000000,0.00000000,0.00000000
1576467430010174400,1576470217,473.21902466,0.00000000,1500.00000000,0.00000000,0.00000000,0.00000000
1576467430051983700,1576470217,473.27166748,0.00000000,1500.00000000,0.00000000,0.00000000,0.00000000
1576467430093980000,1576470217,473.32431030,0.00000000,1500.00000000,0.00000000,0.00000000,0.00000000
1576467430136050200,1576470217,473.37695313,0.00000000,1500.00000000,0.00000000,0.00000000,0.00000000
1576467430178267000,1576470217,473.44274902,0.00000000,1500.00000000,0.00000000,0.00000000,0.00000000
1576467430218741300,1576470218,473.49539185,0.00000000,1500.00000000,0.00000000,0.00000000,0.00000000
1576467430259496400,1576470218,473.54800415,0.00000000,1500.00000000,0.00000000,0.00000000,0.00000000
1576467430301462300,1576470218,473.60064697,0.00000000,1500.00000000,0.00000000,0.00000000,0.00000000
1576467430341800900,1576470218,473.65325928,0.00000000,1500.00000000,0.00000000,0.00000000,0.00000000
1576467430382941700,1576470218,473.70590210,0.00000000,1500.00000000,0.00000000,0.00000000,0.00000000
1576467430425937100,1576470218,473.75854492,0.00000000,1500.00000000,0.00000000,0.00000000,0.00000000
1576467430466767100,1576470218,473.82434082,0.00000000,1500.00000000,0.00000000,0.00000000,0.00000000
1576467430507233800,1576470218,473.87695313,0.00000000,1500.00000000,0.00000000,0.00000000,0.00000000
1576467430548934700,1576470218,473.92956543,0.00000000,1500.00000000,0.00000000,0.00000000,0.00000000
1576467430589068700,1576470218,473.98223877,0.00000000,1500.00000000,0.00000000,0.00000000,0.00000000
1576467430630389800,1576470218,474.03485107,0.00000000,1500.00000000,0.00000000,0.00000000,0.00000000
1576467430670622900,1576470218,474.08746338,0.00000000,1500.00000000,0.00000000,0.00000000,0.00000000
1576467430711434800,1576470218,474.14010620,0.00000000,1500.00000000,0.00000000,0.00000000,0.00000000
1576467430752176300,1576470218,474.19274902,0.00000000,1500.00000000,0.00000000,0.00000000,0.00000000
1576467430794094400,1576470218,474.24533081,0.00000000,1500.00000000,0.00000000,0.00000000,0.00000000
1576467430835881300,1576470218,474.29797363,0.00000000,1500.00000000,0.00000000,0.00000000,0.00000000
1576467430876848500,1576470218,474.36376953,0.00000000,1500.00000000,0.00000000,0.00000000,0.00000000
1576467430918095900,1576470218,474.41638184,0.00000000,1500.00000000,0.00000000,0.00000000,0.00000000
1576467430959749000,1576470218,474.46902466,0.00000000,1500.00000000,0.00000000,0.00000000,0.00000000
1576467431000543600,1576470218,474.52163696,0.00000000,1500.00000000,0.00000000,0.00000000,0.00000000
1576467431041602100,1576470218,474.57424927,0.00000000,1500.00000000,0.00000000,0.00000000,0.00000000
1576467431083831500,1576470218,474.62689209,0.00000000,1500.00000000,0.00000000,0.00000000,0.00000000
1576467431124115500,1576470218,474.67950439,0.00000000,1500.00000000,0.00000000,0.00000000,0.00000000
1576467431165091500,1576470218,474.73214722,0.00000000,1500.00000000,0.00000000,0.00000000,0.00000000
1576467431207004000,1576470219,474.79794312,0.00000000,1500.00000000,0.00000000,0.00000000,0.00000000
1576467431249063900,1576470219,474.85055542,0.00000000,1500.00000000,0.00000000,0.00000000,0.00000000
1576467431291043000,1576470219,474.90316772,0.00000000,1500.00000000,0.00000000,0.00000000,0.00000000
1576467431332921000,1576470219,474.95581055,0.00000000,1500.00000000,0.00000000,0.00000000,0.00000000
1576467431374759100,1576470219,475.00842285,0.00000000,1500.00000000,0.00000000,0.00000000,0.00000000
1576467431416751300,1576470219,475.07421875,0.00000000,1500.00000000,0.00000000,0.00000000,0.00000000
1576467431457465500,1576470219,475.12683105,0.00000000,1500.00000000,0.00000000,0.00000000,0.00000000
1576467431498758300,1576470219,475.17947388,0.00000000,1500.00000000,0.00000000,0.00000000,0.00000000
1576467431540970700,1576470219,475.23205566,0.00000000,1500.00000000,0.00000000,0.00000000,0.00000000
1576467431583341800,1576470219,475.28469849,0.00000000,1500.00000000,0.00000000,0.00000000,0.00000000
1576467431624779400,1576470219,475.33731079,0.00000000,1500.00000000,0.00000000,0.00000000,0.00000000
1576467431665927800,1576470219,475.40310669,0.00000000,1500.00000000,0.00000000,0.00000000,0.00000000
1576467431707910800,1576470219,475.45571899,0.00000000,1500.00000000,0.00000000,0.00000000,0.00000000
1576467431749901200,1576470219,475.50836182,0.00000000,1500.00000000,0.00000000,0.00000000,0.00000000
1576467431791484900,1576470219,475.56097412,0.00000000,1500.00000000,0.00000000,0.00000000,0.00000000
1576467431833901300,1576470219,475.61358643,0.00000000,1500.00000000,0.00000000,0.00000000,0.00000000
1576467431874188000,1576470219,475.66619873,0.00000000,1500.00000000,0.00000000,0.00000000,0.00000000
1576467431916868300,1576470219,475.71884155,0.00000000,1500.00000000,0.00000000,0.00000000,0.00000000
1576467431958017400,1576470219,475.78463745,0.00000000,1500.00000000,0.00000000,0.00000000,0.00000000
1576467432000026800,1576470219,475.83724976,0.00000000,1500.00000000,0.00000000,0.00000000,0.00000000
1576467432041765500,1576470219,475.88989258,0.00000000,1500.00000000,0.00000000,0.00000000,0.00000000
1576467432082690400,1576470219,475.94250488,0.00000000,1500.00000000,0.00000000,0.00000000,0.00000000
1576467432124148000,1576470219,475.99511719,0.00000000,1500.00000000,0.00000000,0.00000000,0.00000000
1576467432166824300,1576470219,476.04772949,0.00000000,1500.00000000,0.00000000,0.00000000,0.00000000
1576467432207910700,1576470220,476.11352539,0.00000000,1500.00000000,0.00000000,0.00000000,0.00000000
1576467432248783100,1576470220,476.16616821,0.00000000,1500.00000000,0.00000000,0.00000000,0.00000000
1576467432290954800,1576470220,476.21875000,0.00000000,1500.00000000,0.00000000,0.00000000,0.00000000
1576467432332586600,1576470220,476.27139282,0.00000000,1500.00000000,0.00000000,0.00000000,0.00000000
1576467432373337400,1576470220,476.32403564,0.00000000,1500.00000000,0.00000000,0.00000000,0.00000000
1576467432414321900,1576470220,476.37664795,0.00000000,1500.00000000,0.00000000,0.00000000,0.00000000
1576467432455168500,1576470220,476.42929077,0.00000000,1500.00000000,0.00000000,0.00000000,0.00000000
1576467432496068500,1576470220,476.49505615,0.00000000,1500.00000000,0.00000000,0.00000000,0.00000000
1576467432538140600,1576470220,476.54769897,0.00000000,1500.00000000,0.00000000,0.00000000,0.00000000
1576467432582506300,1576470220,476.60031128,0.00000000,1500.00000000,0.00000000,0.00000000,0.00000000
1576467432623988400,1576470220,476.65295410,0.00000000,1500.00000000,0.00000000,0.00000000,0.00000000
1576467432665963000,1576470220,476.70556641,0.00000000,1500.00000000,0.00000000,0.00000000,0.00000000
1576467432707547100,1576470220,476.77133179,0.00000000,1500.00000000,0.00000000,0.00000000,0.00000000
1576467432748978700,1576470220,476.82397461,0.00000000,1500.00000000,0.00000000,0.00000000,0.00000000
1576467432792701900,1576470220,476.87658691,0.00000000,1500.00000000,0.00000000,0.00000000,0.00000000
1576467432833265100,1576470220,476.92922974,0.00000000,1500.00000000,0.00000000,0.00000000,0.00000000
1576467432875111000,1576470220,476.98184204,0.00000000,1500.00000000,0.00000000,0.00000000,0.00000000
1576467432917233000,1576470220,477.04760742,0.00000000,1500.00000000,0.00000000,0.00000000,0.00000000
1576467432958715100,1576470220,477.10025024,0.00000000,1500.00000000,0.00000000,0.00000000,0.00000000
1576467433000039500,1576470220,477.15289307,0.00000000,1500.00000000,0.00000000,0.00000000,0.00000000
1576467433040573700,1576470220,477.20550537,0.00000000,1500.00000000,0.00000000,0.00000000,0.00000000
1576467433082133500,1576470220,477.25814819,0.00000000,1500.00000000,0.00000000,0.00000000,0.00000000
1576467433127451900,1576470220,477.31076050,0.00000000,1500.00000000,0.00000000,0.00000000,0.00000000
1576467433168491400,1576470220,477.37655640,0.00000000,1500.00000000,0.00000000,0.00000000,0.00000000
1576467433208952000,1576470221,477.42919922,0.00000000,1500.00000000,0.00000000,0.00000000,0.00000000
1576467433250827600,1576470221,477.48181152,0.00000000,1500.00000000,0.00000000,0.00000000,0.00000000
1576467433291706700,1576470221,477.53445435,0.00000000,1500.00000000,0.00000000,0.00000000,0.00000000
1576467433332762700,1576470221,477.58706665,0.00000000,1500.00000000,0.00000000,0.00000000,0.00000000
1576467433373735400,1576470221,477.63967896,0.00000000,1500.00000000,0.00000000,0.00000000,0.00000000
1576467433415262600,1576470221,477.69232178,0.00000000,1500.00000000,0.00000000,0.00000000,0.00000000
1576467433457472500,1576470221,477.75811768,0.00000000,1500.00000000,0.00000000,0.00000000,0.00000000
1576467433499192000,1576470221,477.81072998,0.00000000,1500.00000000,0.00000000,0.00000000,0.00000000
1576467433542932700,1576470221,477.86334229,0.00000000,1500.00000000,0.00000000,0.00000000,0.00000000
1576467433585009800,1576470221,477.91598511,0.00000000,1500.00000000,0.00000000,0.00000000,0.00000000
1576467433626864300,1576470221,477.98178101,0.00000000,1500.00000000,0.00000000,0.00000000,0.00000000
1576467433667832100,1576470221,478.03442383,0.00000000,1500.00000000,0.00000000,0.00000000,0.00000000
1576467433708678600,1576470221,478.08703613,0.00000000,1500.00000000,0.00000000,0.00000000,0.00000000
1576467433750126000,1576470221,478.13967896,0.00000000,1500.00000000,0.00000000,0.00000000,0.00000000
1576467433791663500,1576470221,478.19229126,0.00000000,1500.00000000,0.00000000,0.00000000,0.00000000
1576467433832632300,1576470221,478.24493408,0.00000000,1500.00000000,0.00000000,0.00000000,0.00000000
1576467433875424700,1576470221,478.29754639,0.00000000,1500.00000000,0.00000000,0.00000000,0.00000000
1576467433916267300,1576470221,478.35015869,0.00000000,1500.00000000,0.00000000,0.00000000,0.00000000
1576467433958019600,1576470221,478.41598511,0.00000000,1500.00000000,0.00000000,0.00000000,0.00000000
1576467434000140100,1576470221,478.46859741,0.00000000,1500.00000000,0.00000000,0.00000000,0.00000000
1576467434041744200,1576470221,478.52120972,0.00000000,1500.00000000,0.00000000,0.00000000,0.00000000
1576467434082858600,1576470221,478.57385254,0.00000000,1500.00000000,0.00000000,0.00000000,0.00000000
1576467434123743700,1576470221,478.62646484,0.00000000,1500.00000000,0.00000000,0.00000000,0.00000000
1576467434164881300,1576470221,478.67910767,0.00000000,1500.00000000,0.00000000,0.00000000,0.00000000
1576467434205689300,1576470222,478.74490356,0.00000000,1500.00000000,0.00000000,0.00000000,0.00000000
1576467434246900000,1576470222,478.79751587,0.00000000,1500.00000000,0.00000000,0.00000000,0.00000000
1576467434287213000,1576470222,478.85015869,0.00000000,1500.00000000,0.00000000,0.00000000,0.00000000
1576467434329190500,1576470222,478.90277100,0.00000000,1500.00000000,0.00000000,0.00000000,0.00000000
1576467434370037000,1576470222,478.95541382,0.00000000,1500.00000000,0.00000000,0.00000000,0.00000000
1576467434411892800,1576470222,479.00805664,0.00000000,1500.00000000,0.00000000,0.00000000,0.00000000
1576467434452766600,1576470222,479.06069946,0.00000000,1500.00000000,0.00000000,0.00000000,0.00000000
1576467434493730600,1576470222,479.11331177,0.00000000,1500.00000000,0.00000000,0.00000000,0.00000000
1576467434534527700,1576470222,479.16595459,0.00000000,1500.00000000,0.00000000,0.00000000,0.00000000
1576467434575619400,1576470222,479.23171997,0.00000000,1500.00000000,0.00000000,0.00000000,0.00000000
1576467434616141600,1576470222,479.28436279,0.00000000,1500.00000000,0.00000000,0.00000000,0.00000000
1576467434657877400,1576470222,479.33700562,0.00000000,1500.00000000,0.00000000,0.00000000,0.00000000
1576467434699842100,1576470222,479.38964844,0.00000000,1500.00000000,0.00000000,0.00000000,0.00000000
1576467434741073700,1576470222,479.44226074,0.00000000,1500.00000000,0.00000000,0.00000000,0.00000000
1576467434782948700,1576470222,479.49490356,0.00000000,1500.00000000,0.00000000,0.00000000,0.00000000
1576467434823051100,1576470222,479.54751587,0.00000000,1500.00000000,0.00000000,0.00000000,0.00000000
1576467434865140800,1576470222,479.60015869,0.00000000,1500.00000000,0.00000000,0.00000000,0.00000000
1576467434906942300,1576470222,479.66595459,0.00000000,1500.00000000,0.00000000,0.00000000,0.00000000
1576467434948965400,1576470222,479.71856689,0.00000000,1500.00000000,0.00000000,0.00000000,0.00000000
1576467434990780200,1576470222,479.77124023,0.00000000,1500.00000000,0.00000000,0.00000000,0.00000000
1576467435031801900,1576470222,479.82385254,0.00000000,1500.00000000,0.00000000,0.00000000,0.00000000
1576467435072619300,1576470222,479.87649536,0.00000000,1500.00000000,0.00000000,0.00000000,0.00000000
1576467435113528100,1576470222,479.92910767,0.00000000,1500.00000000,0.00000000,0.00000000,0.00000000
1576467435154323400,1576470222,479.98175049,0.00000000,1500.00000000,0.00000000,0.00000000,0.00000000
1576467435196142900,1576470222,480.03439331,0.00000000,1500.00000000,0.00000000,0.00000000,0.00000000
1576467435237916200,1576470223,480.10015869,0.00000000,1500.00000000,0.00000000,0.00000000,0.00000000
1576467435279959600,1576470223,480.15280151,0.00000000,1500.00000000,0.00000000,0.00000000,0.00000000
1576467435321887300,1576470223,480.20544434,0.00000000,1500.00000000,0.00000000,0.00000000,0.00000000
1576467435362542400,1576470223,480.25805664,0.00000000,1500.00000000,0.00000000,0.00000000,0.00000000
1576467435403716900,1576470223,480.31069946,0.00000000,1500.00000000,0.00000000,0.00000000,0.00000000
1576467435444504100,1576470223,480.36331177,0.00000000,1500.00000000,0.00000000,0.00000000,0.00000000
1576467435485240900,1576470223,480.42913818,0.00000000,1500.00000000,0.00000000,0.00000000,0.00000000
1576467435526211100,1576470223,480.48178101,0.00000000,1500.00000000,0.00000000,0.00000000,0.00000000
1576467435568066400,1576470223,480.53439331,0.00000000,1500.00000000,0.00000000,0.00000000,0.00000000
1576467435609968000,1576470223,480.58703613,0.00000000,1500.00000000,0.00000000,0.00000000,0.00000000
1576467435651979600,1576470223,480.63964844,0.00000000,1500.00000000,0.00000000,0.00000000,0.00000000
1576467435693771500,1576470223,480.69229126,0.00000000,1500.00000000,0.00000000,0.00000000,0.00000000
1576467435734742100,1576470223,480.74493408,0.00000000,1500.00000000,0.00000000,0.00000000,0.00000000
1576467435775734500,1576470223,480.81069946,0.00000000,1500.00000000,0.00000000,0.00000000,0.00000000
1576467435816968300,1576470223,480.86334229,0.00000000,1500.00000000,0.00000000,0.00000000,0.00000000
1576467435858322600,1576470223,480.91598511,0.00000000,1500.00000000,0.00000000,0.00000000,0.00000000
1576467435899676800,1576470223,480.96862793,0.00000000,1500.00000000,0.00000000,0.00000000,0.00000000
1576467435941503200,1576470223,481.02127075,0.00000000,1500.00000000,0.00000000,0.00000000,0.00000000
1576467435981991800,1576470223,481.07388306,0.00000000,1500.00000000,0.00000000,0.00000000,0.00000000
1576467436023937100,1576470223,481.12652588,0.00000000,1500.00000000,0.00000000,0.00000000,0.00000000
1576467436066031400,1576470223,481.17913818,0.00000000,1500.00000000,0.00000000,0.00000000,0.00000000
1576467436107920800,1576470223,481.24496460,0.00000000,1500.00000000,0.00000000,0.00000000,0.00000000
1576467436150103900,1576470223,481.29757690,0.00000000,1500.00000000,0.00000000,0.00000000,0.00000000
1576467436191514300,1576470223,481.35021973,0.00000000,1500.00000000,0.00000000,0.00000000,0.00000000
1576467436232220700,1576470224,481.40286255,0.00000000,1500.00000000,0.00000000,0.00000000,0.00000000
1576467436273100700,1576470224,481.45550537,0.00000000,1500.00000000,0.00000000,0.00000000,0.00000000
1576467436315318600,1576470224,481.50814819,0.00000000,1500.00000000,0.00000000,0.00000000,0.00000000
1576467436356755000,1576470224,481.57391357,0.00000000,1500.00000000,0.00000000,0.00000000,0.00000000
1576467436397851100,1576470224,481.62655640,0.00000000,1500.00000000,0.00000000,0.00000000,0.00000000
1576467436438797200,1576470224,481.67919922,0.00000000,1500.00000000,0.00000000,0.00000000,0.00000000
1576467436479470000,1576470224,481.73181152,0.00000000,1500.00000000,0.00000000,0.00000000,0.00000000
1576467436519888100,1576470224,481.78445435,0.00000000,1500.00000000,0.00000000,0.00000000,0.00000000
1576467436560640700,1576470224,481.83712769,0.00000000,1500.00000000,0.00000000,0.00000000,0.00000000
1576467436601484500,1576470224,481.88977051,0.00000000,1500.00000000,0.00000000,0.00000000,0.00000000
1576467436642563200,1576470224,481.94238281,0.00000000,1500.00000000,0.00000000,0.00000000,0.00000000
1576467436683264700,1576470224,481.99502563,0.00000000,1500.00000000,0.00000000,0.00000000,0.00000000
1576467436725210400,1576470224,482.04766846,0.00000000,1500.00000000,0.00000000,0.00000000,0.00000000
1576467436767172500,1576470224,482.11349487,0.00000000,1500.00000000,0.00000000,0.00000000,0.00000000
1576467436808883800,1576470224,482.16610718,0.00000000,1500.00000000,0.00000000,0.00000000,0.00000000
1576467436850765700,1576470224,482.21878052,0.00000000,1500.00000000,0.00000000,0.00000000,0.00000000
1576467436891886400,1576470224,482.27139282,0.00000000,1500.00000000,0.00000000,0.00000000,0.00000000
1576467436932715700,1576470224,482.32403564,0.00000000,1500.00000000,0.00000000,0.00000000,0.00000000
1576467436973666100,1576470224,482.37667847,0.00000000,1500.00000000,0.00000000,0.00000000,0.00000000
1576467437014436300,1576470224,482.42935181,0.00000000,1500.00000000,0.00000000,0.00000000,0.00000000
1576467437055419200,1576470224,482.49511719,0.00000000,1500.00000000,0.00000000,0.00000000,0.00000000
1576467437097185200,1576470224,482.54779053,0.00000000,1500.00000000,0.00000000,0.00000000,0.00000000
1576467437138982100,1576470224,482.60040283,0.00000000,1500.00000000,0.00000000,0.00000000,0.00000000
1576467437180809400,1576470224,482.65304565,0.00000000,1500.00000000,0.00000000,0.00000000,0.00000000
1576467437221818300,1576470225,482.70568848,0.00000000,1500.00000000,0.00000000,0.00000000,0.00000000
1576467437262743200,1576470225,482.75836182,0.00000000,1500.00000000,0.00000000,0.00000000,0.00000000
1576467437303524100,1576470225,482.81097412,0.00000000,1500.00000000,0.00000000,0.00000000,0.00000000
1576467437344714700,1576470225,482.86361694,0.00000000,1500.00000000,0.00000000,0.00000000,0.00000000
1576467437385452900,1576470225,482.92941284,0.00000000,1500.00000000,0.00000000,0.00000000,0.00000000
1576467437426205400,1576470225,482.98205566,0.00000000,1500.00000000,0.00000000,0.00000000,0.00000000
1576467437468492100,1576470225,483.03469849,0.00000000,1500.00000000,0.00000000,0.00000000,0.00000000
1576467437510885100,1576470225,483.08734131,0.00000000,1500.00000000,0.00000000,0.00000000,0.00000000
1576467437552129900,1576470225,483.13998413,0.00000000,1500.00000000,0.00000000,0.00000000,0.00000000
1576467437594081100,1576470225,483.19262695,0.00000000,1500.00000000,0.00000000,0.00000000,0.00000000
1576467437635845700,1576470225,483.24523926,0.00000000,1500.00000000,0.00000000,0.00000000,0.00000000
1576467437676364300,1576470225,483.31106567,0.00000000,1500.00000000,0.00000000,0.00000000,0.00000000
1576467437717389700,1576470225,483.36370850,0.00000000,1500.00000000,0.00000000,0.00000000,0.00000000
1576467437758941000,1576470225,483.41635132,0.00000000,1500.00000000,0.00000000,0.00000000,0.00000000
1576467437800057500,1576470225,483.46896362,0.00000000,1500.00000000,0.00000000,0.00000000,0.00000000
1576467437841980600,1576470225,483.52160645,0.00000000,1500.00000000,0.00000000,0.00000000,0.00000000
1576467437883911300,1576470225,483.57424927,0.00000000,1500.00000000,0.00000000,0.00000000,0.00000000
1576467437925345500,1576470225,483.62686157,0.00000000,1500.00000000,0.00000000,0.00000000,0.00000000
1576467437966508900,1576470225,483.69262695,0.00000000,1500.00000000,0.00000000,0.00000000,0.00000000
1576467438007039100,1576470225,483.74530029,0.00000000,1500.00000000,0.00000000,0.00000000,0.00000000
1576467438048068600,1576470225,483.79791260,0.00000000,1500.00000000,0.00000000,0.00000000,0.00000000
1576467438090056700,1576470225,483.85055542,0.00000000,1500.00000000,0.00000000,0.00000000,0.00000000
1576467438131330800,1576470225,483.90316772,0.00000000,1500.00000000,0.00000000,0.00000000,0.00000000
1576467438172299600,1576470225,483.95578003,0.00000000,1500.00000000,0.00000000,0.00000000,0.00000000
1576467438213092700,1576470226,484.00842285,0.00000000,1500.00000000,0.00000000,0.00000000,0.00000000
1576467438254937800,1576470226,484.06103516,0.00000000,1500.00000000,0.00000000,0.00000000,0.00000000
1576467438296847500,1576470226,484.12683105,0.00000000,1500.00000000,0.00000000,0.00000000,0.00000000
1576467438337997900,1576470226,484.17947388,0.00000000,1500.00000000,0.00000000,0.00000000,0.00000000
1576467438380112200,1576470226,484.23208618,0.00000000,1500.00000000,0.00000000,0.00000000,0.00000000
1576467438421875500,1576470226,484.28469849,0.00000000,1500.00000000,0.00000000,0.00000000,0.00000000
1576467438463570100,1576470226,484.33734131,0.00000000,1500.00000000,0.00000000,0.00000000,0.00000000
1576467438504351500,1576470226,484.38998413,0.00000000,1500.00000000,0.00000000,0.00000000,0.00000000
1576467438545289300,1576470226,484.45578003,0.00000000,1500.00000000,0.00000000,0.00000000,0.00000000
1576467438586117400,1576470226,484.50839233,0.00000000,1500.00000000,0.00000000,0.00000000,0.00000000
1576467438628053200,1576470226,484.56103516,0.00000000,1500.00000000,0.00000000,0.00000000,0.00000000
1576467438669967500,1576470226,484.61364746,0.00000000,1500.00000000,0.00000000,0.00000000,0.00000000
1576467438712008100,1576470226,484.66625977,0.00000000,1500.00000000,0.00000000,0.00000000,0.00000000
1576467438753928500,1576470226,484.71890259,0.00000000,1500.00000000,0.00000000,0.00000000,0.00000000
1576467438795671300,1576470226,484.77151489,0.00000000,1500.00000000,0.00000000,0.00000000,0.00000000
1576467438836653100,1576470226,484.83728027,0.00000000,1500.00000000,0.00000000,0.00000000,0.00000000
1576467438877554800,1576470226,484.88992310,0.00000000,1500.00000000,0.00000000,0.00000000,0.00000000
1576467438918490900,1576470226,484.94256592,0.00000000,1500.00000000,0.00000000,0.00000000,0.00000000
1576467438959180600,1576470226,484.99517822,0.00000000,1500.00000000,0.00000000,0.00000000,0.00000000
1576467439000962100,1576470226,485.04782104,0.00000000,1500.00000000,0.00000000,0.00000000,0.00000000
1576467439042853300,1576470226,485.10043335,0.00000000,1500.00000000,0.00000000,0.00000000,0.00000000
1576467439083984500,1576470226,485.15304565,0.00000000,1500.00000000,0.00000000,0.00000000,0.00000000
1576467439125984600,1576470226,485.20565796,0.00000000,1500.00000000,0.00000000,0.00000000,0.00000000
1576467439167917500,1576470226,485.27145386,0.00000000,1500.00000000,0.00000000,0.00000000,0.00000000
1576467439209545000,1576470227,485.32406616,0.00000000,1500.00000000,0.00000000,0.00000000,0.00000000
1576467439250143400,1576470227,485.37670898,0.00000000,1500.00000000,0.00000000,0.00000000,0.00000000
1576467439291985900,1576470227,485.42932129,0.00000000,1500.00000000,0.00000000,0.00000000,0.00000000
1576467439333932700,1576470227,485.48196411,0.00000000,1500.00000000,0.00000000,0.00000000,0.00000000
1576467439375907400,1576470227,485.53454590,0.00000000,1500.00000000,0.00000000,0.00000000,0.00000000
1576467439417838800,1576470227,485.60034180,0.00000000,1500.00000000,0.00000000,0.00000000,0.00000000
1576467439458750200,1576470227,485.65298462,0.00000000,1500.00000000,0.00000000,0.00000000,0.00000000
1576467439499490500,1576470227,485.70559692,0.00000000,1500.00000000,0.00000000,0.00000000,0.00000000
1576467439540303300,1576470227,485.75820923,0.00000000,1500.00000000,0.00000000,0.00000000,0.00000000
1576467439582256100,1576470227,485.81085205,0.00000000,1500.00000000,0.00000000,0.00000000,0.00000000
1576467439623782600,1576470227,485.86346436,0.00000000,1500.00000000,0.00000000,0.00000000,0.00000000
1576467439664467700,1576470227,485.91607666,0.00000000,1500.00000000,0.00000000,0.00000000,0.00000000
1576467439705450100,1576470227,485.98187256,0.00000000,1500.00000000,0.00000000,0.00000000,0.00000000
1576467439745905700,1576470227,486.03448486,0.00000000,1500.00000000,0.00000000,0.00000000,0.00000000
1576467439787676400,1576470227,486.08712769,0.00000000,1500.00000000,0.00000000,0.00000000,0.00000000
1576467439827736300,1576470227,486.13973999,0.00000000,1500.00000000,0.00000000,0.00000000,0.00000000
1576467439868485300,1576470227,486.19235229,0.00000000,1500.00000000,0.00000000,0.00000000,0.00000000
1576467439909524100,1576470227,486.24499512,0.00000000,1500.00000000,0.00000000,0.00000000,0.00000000
1576467439950482100,1576470227,486.29763794,0.00000000,1500.00000000,0.00000000,0.00000000,0.00000000
1576467439992263800,1576470227,486.35025024,0.00000000,1500.00000000,0.00000000,0.00000000,0.00000000
1576467440034054900,1576470227,486.40286255,0.00000000,1500.00000000,0.00000000,0.00000000,0.00000000
1576467440075931800,1576470227,486.45550537,0.00000000,1500.00000000,0.00000000,0.00000000,0.00000000
1576467440117867500,1576470227,486.52127075,0.00000000,1500.00000000,0.00000000,0.00000000,0.00000000
1576467440159860900,1576470227,486.57391357,0.00000000,1500.00000000,0.00000000,0.00000000,0.00000000
1576467440200814100,1576470227,486.62652588,0.00000000,1500.00000000,0.00000000,0.00000000,0.00000000
1576467440241508600,1576470228,486.67916870,0.00000000,1500.00000000,0.00000000,0.00000000,0.00000000
1576467440282502100,1576470228,486.73178101,0.00000000,1500.00000000,0.00000000,0.00000000,0.00000000
1576467440323220800,1576470228,486.78439331,0.00000000,1500.00000000,0.00000000,0.00000000,0.00000000
1576467440365959800,1576470228,486.83703613,0.00000000,1500.00000000,0.00000000,0.00000000,0.00000000
1576467440407919300,1576470228,486.90283203,0.00000000,1500.00000000,0.00000000,0.00000000,0.00000000
1576467440449906700,1576470228,486.95544434,0.00000000,1500.00000000,0.00000000,0.00000000,0.00000000
1576467440490777900,1576470228,487.00805664,0.00000000,1500.00000000,0.00000000,0.00000000,0.00000000
1576467440532408600,1576470228,487.06066895,0.00000000,1500.00000000,0.00000000,0.00000000,0.00000000
1576467440573662500,1576470228,487.11331177,0.00000000,1500.00000000,0.00000000,0.00000000,0.00000000
1576467440614602400,1576470228,487.16592407,0.00000000,1500.00000000,0.00000000,0.00000000,0.00000000
1576467440655255200,1576470228,487.23175049,0.00000000,1500.00000000,0.00000000,0.00000000,0.00000000
1576467440696332900,1576470228,487.28436279,0.00000000,1500.00000000,0.00000000,0.00000000,0.00000000
1576467440737523600,1576470228,487.33700562,0.00000000,1500.00000000,0.00000000,0.00000000,0.00000000
1576467440778666000,1576470228,487.38961792,0.00000000,1500.00000000,0.00000000,0.00000000,0.00000000
1576467440819321600,1576470228,487.44223022,0.00000000,1500.00000000,0.00000000,0.00000000,0.00000000
1576467440861099600,1576470228,487.49487305,0.00000000,1500.00000000,0.00000000,0.00000000,0.00000000
1576467440904748100,1576470228,487.54751587,0.00000000,1500.00000000,0.00000000,0.00000000,0.00000000
1576467440944772700,1576470228,487.60012817,0.00000000,1500.00000000,0.00000000,0.00000000,0.00000000
1576467440986056600,1576470228,487.66589355,0.00000000,1500.00000000,0.00000000,0.00000000,0.00000000
1576467441027724600,1576470228,487.71853638,0.00000000,1500.00000000,0.00000000,0.00000000,0.00000000
1576467441068520000,1576470228,487.77114868,0.00000000,1500.00000000,0.00000000,0.00000000,0.00000000
1576467441109219700,1576470228,487.82379150,0.00000000,1500.00000000,0.00000000,0.00000000,0.00000000
1576467441150647700,1576470228,487.87640381,0.00000000,1500.00000000,0.00000000,0.00000000,0.00000000
1576467441192087100,1576470228,487.92904663,0.00000000,1500.00000000,0.00000000,0.00000000,0.00000000
1576467441233078400,1576470229,487.98168945,0.00000000,1500.00000000,0.00000000,0.00000000,0.00000000
1576467441274964600,1576470229,488.03433228,0.00000000,1500.00000000,0.00000000,0.00000000,0.00000000
1576467441317033000,1576470229,488.10009766,0.00000000,1500.00000000,0.00000000,0.00000000,0.00000000
1576467441359557500,1576470229,488.15270996,0.00000000,1500.00000000,0.00000000,0.00000000,0.00000000
1576467441400694400,1576470229,488.20535278,0.00000000,1500.00000000,0.00000000,0.00000000,0.00000000
1576467441441612500,1576470229,488.25799561,0.00000000,1500.00000000,0.00000000,0.00000000,0.00000000
1576467441482546900,1576470229,488.31060791,0.00000000,1500.00000000,0.00000000,0.00000000,0.00000000
1576467441523227200,1576470229,488.36325073,0.00000000,1500.00000000,0.00000000,0.00000000,0.00000000
1576467441565565300,1576470229,488.41586304,0.00000000,1500.00000000,0.00000000,0.00000000,0.00000000
1576467441606177700,1576470229,488.48165894,0.00000000,1500.00000000,0.00000000,0.00000000,0.00000000
1576467441648169200,1576470229,488.53427124,0.00000000,1500.00000000,0.00000000,0.00000000,0.00000000
1576467441689899800,1576470229,488.58691406,0.00000000,1500.00000000,0.00000000,0.00000000,0.00000000
1576467441732275900,1576470229,488.63955688,0.00000000,1500.00000000,0.00000000,0.00000000,0.00000000
1576467441773619100,1576470229,488.69216919,0.00000000,1500.00000000,0.00000000,0.00000000,0.00000000
1576467441814522200,1576470229,488.74478149,0.00000000,1500.00000000,0.00000000,0.00000000,0.00000000
1576467441855527300,1576470229,488.79742432,0.00000000,1500.00000000,0.00000000,0.00000000,0.00000000
1576467441896261400,1576470229,488.86322021,0.00000000,1500.00000000,0.00000000,0.00000000,0.00000000
1576467441937225200,1576470229,488.91586304,0.00000000,1500.00000000,0.00000000,0.00000000,0.00000000
1576467441977924500,1576470229,488.96850586,0.00000000,1500.00000000,0.00000000,0.00000000,0.00000000
1576467442019165000,1576470229,489.02111816,0.00000000,1500.00000000,0.00000000,0.00000000,0.00000000
1576467442060789400,1576470229,489.07376099,0.00000000,1500.00000000,0.00000000,0.00000000,0.00000000
1576467442101891700,1576470229,489.12637329,0.00000000,1500.00000000,0.00000000,0.00000000,0.00000000
1576467442143153600,1576470229,489.17898560,0.00000000,1500.00000000,0.00000000,0.00000000,0.00000000
1576467442184643500,1576470229,489.23165894,0.00000000,1500.00000000,0.00000000,0.00000000,0.00000000
1576467442225629900,1576470230,489.29742432,0.00000000,1500.00000000,0.00000000,0.00000000,0.00000000
1576467442265965600,1576470230,489.35006714,0.00000000,1500.00000000,0.00000000,0.00000000,0.00000000
1576467442307970900,1576470230,489.40270996,0.00000000,1500.00000000,0.00000000,0.00000000,0.00000000
1576467442349950000,1576470230,489.45532227,0.00000000,1500.00000000,0.00000000,0.00000000,0.00000000
1576467442391673100,1576470230,489.50796509,0.00000000,1500.00000000,0.00000000,0.00000000,0.00000000
1576467442432952300,1576470230,489.56057739,0.00000000,1500.00000000,0.00000000,0.00000000,0.00000000
1576467442473309900,1576470230,489.61322021,0.00000000,1500.00000000,0.00000000,0.00000000,0.00000000
1576467442514221200,1576470230,489.66583252,0.00000000,1500.00000000,0.00000000,0.00000000,0.00000000
1576467442554273200,1576470230,489.71850586,0.00000000,1500.00000000,0.00000000,0.00000000,0.00000000
1576467442595024200,1576470230,489.77111816,0.00000000,1500.00000000,0.00000000,0.00000000,0.00000000
1576467442637064800,1576470230,489.83691406,0.00000000,1500.00000000,0.00000000,0.00000000,0.00000000
1576467442678322200,1576470230,489.88955688,0.00000000,1500.00000000,0.00000000,0.00000000,0.00000000
1576467442719300600,1576470230,489.94213867,0.00000000,1500.00000000,0.00000000,0.00000000,0.00000000
1576467442760326000,1576470230,489.99478149,0.00000000,1500.00000000,0.00000000,0.00000000,0.00000000
1576467442802118700,1576470230,490.04745483,0.00000000,1500.00000000,0.00000000,0.00000000,0.00000000
1576467442843907500,1576470230,490.10006714,0.00000000,1500.00000000,0.00000000,0.00000000,0.00000000
1576467442886205400,1576470230,490.15270996,0.00000000,1500.00000000,0.00000000,0.00000000,0.00000000
1576467442927883600,1576470230,490.21850586,0.00000000,1500.00000000,0.00000000,0.00000000,0.00000000
1576467442968579300,1576470230,490.27114868,0.00000000,1500.00000000,0.00000000,0.00000000,0.00000000
1576467443008620400,1576470230,490.32376099,0.00000000,1500.00000000,0.00000000,0.00000000,0.00000000
1576467443049360800,1576470230,490.37640381,0.00000000,1500.00000000,0.00000000,0.00000000,0.00000000
1576467443090492000,1576470230,490.42901611,0.00000000,1500.00000000,0.00000000,0.00000000,0.00000000
1576467443131212300,1576470230,490.48165894,0.00000000,1500.00000000,0.00000000,0.00000000,0.00000000
1576467443176911500,1576470230,490.53430176,0.00000000,1500.00000000,0.00000000,0.00000000,0.00000000
1576467443218899400,1576470231,490.60006714,0.00000000,1500.00000000,0.00000000,0.00000000,0.00000000
1576467443260814100,1576470231,490.65274048,0.00000000,1500.00000000,0.00000000,0.00000000,0.00000000
1576467443301968100,1576470231,490.70535278,0.00000000,1500.00000000,0.00000000,0.00000000,0.00000000
1576467443343831200,1576470231,490.75799561,0.00000000,1500.00000000,0.00000000,0.00000000,0.00000000
1576467443384612500,1576470231,490.81060791,0.00000000,1500.00000000,0.00000000,0.00000000,0.00000000
1576467443425559300,1576470231,490.87640381,0.00000000,1500.00000000,0.00000000,0.00000000,0.00000000
1576467443466259700,1576470231,490.92904663,0.00000000,1500.00000000,0.00000000,0.00000000,0.00000000
1576467443507221700,1576470231,490.98168945,0.00000000,1500.00000000,0.00000000,0.00000000,0.00000000
1576467443549183600,1576470231,491.03433228,0.00000000,1500.00000000,0.00000000,0.00000000,0.00000000
1576467443591169500,1576470231,491.08694458,0.00000000,1500.00000000,0.00000000,0.00000000,0.00000000
1576467443633267900,1576470231,491.13958740,0.00000000,1500.00000000,0.00000000,0.00000000,0.00000000
1576467443674555800,1576470231,491.19223022,0.00000000,1500.00000000,0.00000000,0.00000000,0.00000000
1576467443716229300,1576470231,491.25799561,0.00000000,1500.00000000,0.00000000,0.00000000,0.00000000
1576467443757965000,1576470231,491.31063843,0.00000000,1500.00000000,0.00000000,0.00000000,0.00000000
1576467443800154000,1576470231,491.36328125,0.00000000,1500.00000000,0.00000000,0.00000000,0.00000000
1576467443841964700,1576470231,491.41592407,0.00000000,1500.00000000,0.00000000,0.00000000,0.00000000
1576467443884077200,1576470231,491.46853638,0.00000000,1500.00000000,0.00000000,0.00000000,0.00000000
1576467443927189600,1576470231,491.52120972,0.00000000,1500.00000000,0.00000000,0.00000000,0.00000000
1576467443971066400,1576470231,491.58700562,0.00000000,1500.00000000,0.00000000,0.00000000,0.00000000
1576467444012419700,1576470231,491.63961792,0.00000000,1500.00000000,0.00000000,0.00000000,0.00000000
1576467444053384800,1576470231,491.69226074,0.00000000,1500.00000000,0.00000000,0.00000000,0.00000000
1576467444095248500,1576470231,491.74490356,0.00000000,1500.00000000,0.00000000,0.00000000,0.00000000
1576467444136807300,1576470231,491.81069946,0.00000000,1500.00000000,0.00000000,0.00000000,0.00000000
1576467444177177100,1576470231,491.86331177,0.00000000,1500.00000000,0.00000000,0.00000000,0.00000000
1576467444220069500,1576470232,491.91598511,0.00000000,1500.00000000,0.00000000,0.00000000,0.00000000
1576467444261289500,1576470232,491.96862793,0.00000000,1500.00000000,0.00000000,0.00000000,0.00000000
1576467444302107900,1576470232,492.02124023,0.00000000,1500.00000000,0.00000000,0.00000000,0.00000000
1576467444344156000,1576470232,492.07388306,0.00000000,1500.00000000,0.00000000,0.00000000,0.00000000
1576467444385912400,1576470232,492.12655640,0.00000000,1500.00000000,0.00000000,0.00000000,0.00000000
1576467444425455400,1576470232,492.19235229,0.00000000,1500.00000000,0.00000000,0.00000000,0.00000000
1576467444466581400,1576470232,492.24499512,0.00000000,1500.00000000,0.00000000,0.00000000,0.00000000
1576467444507262600,1576470232,492.29760742,0.00000000,1500.00000000,0.00000000,0.00000000,0.00000000
1576467444548111600,1576470232,492.35025024,0.00000000,1500.00000000,0.00000000,0.00000000,0.00000000
1576467444590075100,1576470232,492.40292358,0.00000000,1500.00000000,0.00000000,0.00000000,0.00000000
1576467444631765600,1576470232,492.45553589,0.00000000,1500.00000000,0.00000000,0.00000000,0.00000000
1576467444672281100,1576470232,492.50820923,0.00000000,1500.00000000,0.00000000,0.00000000,0.00000000
1576467444713658100,1576470232,492.56082153,0.00000000,1500.00000000,0.00000000,0.00000000,0.00000000
1576467444755281700,1576470232,492.61349487,0.00000000,1500.00000000,0.00000000,0.00000000,0.00000000
1576467444797917900,1576470232,492.67926025,0.00000000,1500.00000000,0.00000000,0.00000000,0.00000000
1576467444839923600,1576470232,492.73190308,0.00000000,1500.00000000,0.00000000,0.00000000,0.00000000
1576467444882007400,1576470232,492.78454590,0.00000000,1500.00000000,0.00000000,0.00000000,0.00000000
1576467444923675800,1576470232,492.83718872,0.00000000,1500.00000000,0.00000000,0.00000000,0.00000000
1576467444964705000,1576470232,492.88986206,0.00000000,1500.00000000,0.00000000,0.00000000,0.00000000
1576467445005550000,1576470232,492.95565796,0.00000000,1500.00000000,0.00000000,0.00000000,0.00000000
1576467445046485900,1576470232,493.00827026,0.00000000,1500.00000000,0.00000000,0.00000000,0.00000000
1576467445087391300,1576470232,493.06091309,0.00000000,1500.00000000,0.00000000,0.00000000,0.00000000
1576467445129097100,1576470232,493.11355591,0.00000000,1500.00000000,0.00000000,0.00000000,0.00000000
1576467445170924600,1576470232,493.16619873,0.00000000,1500.00000000,0.00000000,0.00000000,0.00000000
1576467445213048300,1576470233,493.21884155,0.00000000,1500.00000000,0.00000000,0.00000000,0.00000000
1576467445254994200,1576470233,493.27148438,0.00000000,1500.00000000,0.00000000,0.00000000,0.00000000
1576467445296744700,1576470233,493.33728027,0.00000000,1500.00000000,0.00000000,0.00000000,0.00000000
1576467445337713800,1576470233,493.38992310,0.00000000,1500.00000000,0.00000000,0.00000000,0.00000000
1576467445378593600,1576470233,493.44256592,0.00000000,1500.00000000,0.00000000,0.00000000,0.00000000
1576467445419702900,1576470233,493.49517822,0.00000000,1500.00000000,0.00000000,0.00000000,0.00000000
1576467445460299700,1576470233,493.54782104,0.00000000,1500.00000000,0.00000000,0.00000000,0.00000000
1576467445502169200,1576470233,493.60043335,0.00000000,1500.00000000,0.00000000,0.00000000,0.00000000
1576467445544118100,1576470233,493.65307617,0.00000000,1500.00000000,0.00000000,0.00000000,0.00000000
1576467445586051700,1576470233,493.70571899,0.00000000,1500.00000000,0.00000000,0.00000000,0.00000000
1576467445627841800,1576470233,493.77148438,0.00000000,1500.00000000,0.00000000,0.00000000,0.00000000
1576467445668485100,1576470233,493.82412720,0.00000000,1500.00000000,0.00000000,0.00000000,0.00000000
1576467445711425600,1576470233,493.87673950,0.00000000,1500.00000000,0.00000000,0.00000000,0.00000000
1576467445752616500,1576470233,493.92941284,0.00000000,1500.00000000,0.00000000,0.00000000,0.00000000
1576467445794196700,1576470233,493.98202515,0.00000000,1500.00000000,0.00000000,0.00000000,0.00000000
1576467445836061400,1576470233,494.03463745,0.00000000,1500.00000000,0.00000000,0.00000000,0.00000000
1576467445877631000,1576470233,494.10043335,0.00000000,1500.00000000,0.00000000,0.00000000,0.00000000
1576467445918263800,1576470233,494.15304565,0.00000000,1500.00000000,0.00000000,0.00000000,0.00000000
1576467445960034600,1576470233,494.20568848,0.00000000,1500.00000000,0.00000000,0.00000000,0.00000000
1576467446002060300,1576470233,494.25830078,0.00000000,1500.00000000,0.00000000,0.00000000,0.00000000
1576467446044275600,1576470233,494.31094360,0.00000000,1500.00000000,0.00000000,0.00000000,0.00000000
1576467446086088700,1576470233,494.36355591,0.00000000,1500.00000000,0.00000000,0.00000000,0.00000000
1576467446102910600,1576470233,494.42935181,0.00000000,1500.00000000,0.00000000,0.00000000,0.00000000
